商品名称	合约名称	开盘价		最高价		最低价		收盘价		前结算价	结算价		涨跌		涨跌1		Delta		成交量		持仓量		持仓量变化	成交额		行权量		
豆粕		m1707-C-2600	221		226		206.5		206.5		224.5		214.5		-18		-10		0.86		56		48		48		11.85		0		
豆粕		m1707-C-2650	188.5		188.5		170.5		172		180		173.5		-8		-6.5		0.8		28		28		28		4.86		0		
豆粕		m1707-C-2700	150.5		150.5		133.5		134		140		137		-6		-3		0.71		120		82		82		16.5		0		
豆粕		m1707-C-2750	118.5		118.5		97		97		104.5		105.5		-7.5		1		0.62		162		98		98		17.32		0		
豆粕		m1707-C-2800	92.5		97		72		72		75		78.5		-3		3.5		0.51		386		260		260		30.71		0		
豆粕		m1707-C-2850	52		67.5		0.5		51.5		51.5		56.5		0		5		0.41		1,084		694		694		57.52		0		
豆粕		m1707-C-2900	47.5		54		34		34.5		33.5		39.5		1		6		0.32		506		338		338		19.44		0		
豆粕		m1707-C-2950	35.5		35.5		21.5		22		21		26.5		1		5.5		0.24		886		724		724		22.8		0		
豆粕		m1707-C-3000	26		26		14.5		14.5		12		17.5		2.5		5.5		0.17		420		268		268		8.04		0		
豆粕		m1707-C-3050	9.5		16.5		8		8.5		7		11		1.5		4		0.12		274		216		216		3.43		0		
豆粕		m1707-P-2600	16.5		23.5		10.5		11		5.5		13.5		5.5		8		-0.13		442		260		260		6.63		0		
豆粕		m1707-P-2650	26		34		19.5		19.5		11.5		23		8		11.5		-0.2		564		412		412		12.51		0		
豆粕		m1707-P-2700	39		70		31.5		34.5		21.5		36.5		13		15		-0.29		314		208		208		12.09		0		
豆粕		m1707-P-2750	57.5		66.5		0.5		50.5		36		54.5		14.5		18.5		-0.38		904		480		480		47.26		0		
豆粕		m1707-P-2800	78.5		89		72.5		76		56		77.5		20		21.5		-0.48		280		192		192		22.13		0		
豆粕		m1707-P-2850	105.5		110.5		101.5		106		82.5		105.5		23.5		23		-0.58		146		78		78		15.38		0		
豆粕		m1707-P-2900	139		150		133.5		134.5		114.5		138.5		20		24		-0.68		176		78		78		24.75		0		
豆粕		m1707-P-2950	176.5		191		171.5		178		151.5		175.5		26.5		24		-0.76		338		138		138		60.13		0		
豆粕		m1707-P-3000	218		225		212.5		212.5		193		216		19.5		23		-0.83		294		114		114		64.48		0		
豆粕		m1707-P-3050	262.5		271		257.5		264		237.5		259.5		26.5		22		-0.88		324		200		200		85.62		0		
豆粕		m1708-C-2600	237.5		237.5		221		221		237.5		237.5		-16.5		0		0.81		26		26		26		6.08		0		
豆粕		m1708-C-2650	200.5		200.5		200.5		200.5		194.5		199.5		6		5		0.75		20		20		20		4.01		0		
豆粕		m1708-C-2700	165.5		170		159.5		159.5		155		165		4.5		10		0.68		80		80		80		13.1		0		
豆粕		m1708-C-2750	135.5		186.5		121		121		119.5		134.5		1.5		15		0.61		176		148		148		24.99		0		
豆粕		m1708-C-2800	160		160		96		96		89.5		108		6.5		18.5		0.53		428		256		256		45.57		0		
豆粕		m1708-C-2850	88.5		90.5		76.5		76.5		65		85		11.5		20		0.46		512		332		332		42.69		0		
豆粕		m1708-C-2900	68		68		59.5		59.5		45		65.5		14.5		20.5		0.38		180		140		140		11.85		0		
豆粕		m1708-C-2950	52.5		56.5		46.5		46.5		30.5		50		16		19.5		0.31		270		160		160		13.79		0		
豆粕		m1708-C-3000	39		39		33		33		19.5		37		13.5		17.5		0.25		184		114		114		6.85		0		
豆粕		m1708-C-3050	31		37.5		14.5		29		12		27		17		15		0.2		298		192		192		9.36		0		
豆粕		m1708-P-2600	28.5		29		23.5		24		8		27		16		19		-0.18		206		160		160		5.42		0		
豆粕		m1708-P-2650	39.5		45		35.5		36.5		15		39		21.5		24		-0.24		240		164		164		9.29		0		
豆粕		m1708-P-2700	49.5		60.5		49		53		25.5		54.5		27.5		29		-0.31		84		80		80		4.5		0		
豆粕		m1708-P-2750	69		75		68		70		40		74		30		34		-0.39		122		82		82		8.55		0		
豆粕		m1708-P-2800	90		98.5		89.5		95		59.5		97		35.5		37.5		-0.46		266		140		140		24.83		0		
豆粕		m1708-P-2850	117		128.5		115		125		85		123.5		40		38.5		-0.54		272		142		142		32.92		0		
豆粕		m1708-P-2900	149		162		148.5		158		115		154.5		43		39.5		-0.61		318		166		166		49.04		0		
豆粕		m1708-P-2950	177		198		177		195		150		188.5		45		38.5		-0.68		144		120		120		27.1		0		
豆粕		m1708-P-3000	227.5		237.5		227.5		237.5		189		225.5		48.5		36.5		-0.75		104		80		80		24.44		0		
豆粕		m1708-P-3050	262.5		274.5		262.5		274		231.5		265.5		42.5		34		-0.8		124		40		40		33.37		0		
豆粕		m1709-C-2550	285.5		285.5		255		255.5		248		264		7.5		16		0.81		584		376		376		155.41		0		
豆粕		m1709-C-2600	245		245		217		221.5		205.5		226		16		20.5		0.76		374		242		242		84.21		0		
豆粕		m1709-C-2650	208		208		183		185.5		166.5		191.5		19		25		0.7		172		126		126		33.03		0		
豆粕		m1709-C-2700	177		177		153.5		154.5		131.5		160.5		23		29		0.63		188		94		94		30.29		0		
豆粕		m1709-C-2750	147		168		128		129		101		132.5		28		31.5		0.56		458		296		296		62.25		0		
豆粕		m1709-C-2800	75		119.5		75		106.5		75.5		108		31		32.5		0.5		2,118		1,100		1,100		227.9		0		
豆粕		m1709-C-2850	90		98.5		80		84		55		87		29		32		0.43		1,836		1,040		1,040		165.76		0		
豆粕		m1709-C-2900	75.5		77		67.5		68		38.5		69		29.5		30.5		0.37		788		558		558		56.55		0		
豆粕		m1709-C-2950	75		75		53.5		53.5		26.5		54		27		27.5		0.31		1,044		738		738		61.66		0		
豆粕		m1709-C-3000	20		50.5		20		42		17.5		41.5		24.5		24		0.25		4,108		2,880		2,880		185.42		0		
豆粕		m1709-P-2550	29.5		37		24		25		10		31		15		21		-0.19		2,768		1,740		1,740		77.45		0		
豆粕		m1709-P-2600	41.5		51.5		36		38.5		17.5		43		21		25.5		-0.24		3,396		2,768		2,768		132.58		0		
豆粕		m1709-P-2650	55.5		65		52.5		54.5		28		58		26.5		30		-0.3		686		496		496		38.29		0		
豆粕		m1709-P-2700	66.5		84.5		66.5		74.5		43		76.5		31.5		33.5		-0.36		596		418		418		45.07		0		
豆粕		m1709-P-2750	80		108.5		80		97.5		62.5		98.5		35		36		-0.43		1,096		712		712		108.02		0		
豆粕		m1709-P-2800	140		140		120		125.5		86.5		124		39		37.5		-0.5		1,508		998		998		188.03		0		
豆粕		m1709-P-2850	142		187.5		142		154		115.5		152.5		38.5		37		-0.57		468		150		150		72.78		0		
豆粕		m1709-P-2900	176		193.5		176		184.5		149		184.5		35.5		35.5		-0.63		124		62		62		23.01		0		
豆粕		m1709-P-2950	212		225		212		222		186.5		219.5		35.5		33		-0.69		266		160		160		58.86		0		
豆粕		m1709-P-3000	250.5		265.5		250.5		261		227.5		257		33.5		29.5		-0.74		472		298		298		122.25		0		
豆粕		m1711-C-2600	259		271.5		259		271.5		248.5		275		23		26.5		0.74		40		40		40		10.61		0		
豆粕		m1711-C-2650	237		238.5		237		238.5		212.5		241.5		26		29		0.7		40		40		40		9.51		0		
豆粕		m1711-C-2700	187.5		217		187.5		211		179.5		210		31.5		30.5		0.65		100		100		100		20.78		0		
豆粕		m1711-C-2750	177.5		183		177.5		183		149.5		182		33.5		32.5		0.59		60		60		60		10.8		0		
豆粕		m1711-C-2800	163.5		163.5		146.5		150.5		123		156		27.5		33		0.54		140		120		120		21.44		0		
豆粕		m1711-C-2850	130.5		135		130.5		135		100		133		35		33		0.49		60		60		60		7.96		0		
豆粕		m1711-C-2900	117		117		105		115.5		80.5		112.5		35		32		0.44		100		80		80		11.25		0		
豆粕		m1711-C-2950	85.5		98.5		85.5		98.5		63.5		94.5		35		31		0.39		100		100		100		9.53		0		
豆粕		m1711-C-3000	82		82		76		80.5		50		79		30.5		29		0.34		64		64		64		5.1		0		
豆粕		m1711-C-3050	69.5		72		63		67		38.5		65.5		28.5		27		0.3		142		100		100		9.9		0		
豆粕		m1711-P-2600	64		64		57		58		37		60.5		21		23.5		-0.25		300		260		260		18.61		0		
豆粕		m1711-P-2650	79.5		102		73		74		50.5		76.5		23.5		26		-0.3		198		122		122		15.09		0		
豆粕		m1711-P-2700	98		98		94.5		94.5		67		95		27.5		28		-0.35		82		62		62		7.94		0		
豆粕		m1711-P-2750	114.5		119		114.5		119		87		116.5		32		29.5		-0.4		120		100		100		14.11		0		
豆粕		m1711-P-2800	142		142.5		141.5		141.5		110		140		31.5		30		-0.45		60		60		60		8.52		0		
豆粕		m1711-P-2850	167.5		167.5		167.5		167.5		137		167		30.5		30		-0.51		20		20		20		3.35		0		
豆粕		m1711-P-2900	0		0		0		196		167		196		29		29		-0.56		0		0		0		0		0		
豆粕		m1711-P-2950	0		0		0		228		200		228		28		28		-0.61		0		0		0		0		0		
豆粕		m1711-P-3000	0		0		0		262		235.5		262		26.5		26.5		-0.65		0		0		0		0		0		
豆粕		m1711-P-3050	0		0		0		298		274		298		24		24		-0.7		0		0		0		0		0		
豆粕		m1712-C-2650	259		262		247.5		259		276.5		259		-17.5		-17.5		0.7		120		60		60		31.03		0		
豆粕		m1712-C-2700	230		230		230		230		239.5		227.5		-9.5		-12		0.66		80		80		80		18.4		0		
豆粕		m1712-C-2750	204		204		197		197		206		199		-9		-7		0.61		100		80		80		20.09		0		
豆粕		m1712-C-2800	179		179		178.5		178.5		175		172.5		3.5		-2.5		0.56		60		60		60		10.73		0		
豆粕		m1712-C-2850	150		152		150		152		147.5		148.5		4.5		1		0.51		40		40		40		6.04		0		
豆粕		m1712-C-2900	128		131		128		131		122.5		127		8.5		4.5		0.46		40		40		40		5.18		0		
豆粕		m1712-C-2950	109.5		111.5		107		107		101		108		6		7		0.41		60		60		60		6.56		0		
豆粕		m1712-C-3000	93		94.5		93		94.5		82.5		91.5		12		9		0.36		40		40		40		3.75		0		
豆粕		m1712-C-3050	77		81		77		81		66.5		77		14.5		10.5		0.32		80		80		80		6.4		0		
豆粕		m1712-C-3100	64.5		84		64.5		83.5		53		64		30.5		11		0.28		180		140		140		12.97		0		
豆粕		m1712-C-3150	53.5		58		53.5		58		42		53		16		11		0.24		80		80		80		4.49		0		
豆粕		m1712-P-2650	75		77		73		73		38		77.5		35		39.5		-0.29		120		80		80		9.09		0		
豆粕		m1712-P-2700	96		96		89		93.5		51		95.5		42.5		44.5		-0.34		120		100		100		11.25		0		
豆粕		m1712-P-2750	116.5		117.5		109.5		117.5		67		116.5		50.5		49.5		-0.39		80		80		80		9.19		0		
豆粕		m1712-P-2800	136.5		145		136.5		145		85.5		139.5		59.5		54		-0.44		100		100		100		14		0		
豆粕		m1712-P-2850	157.5		170.5		157.5		159.5		107.5		165.5		52		58		-0.49		100		100		100		16.25		0		
豆粕		m1712-P-2900	183.5		201		183.5		184		132.5		194		51.5		61.5		-0.54		120		120		120		22.76		0		
豆粕		m1712-P-2950	212.5		234		212.5		214		160.5		224.5		53.5		64		-0.58		120		120		120		26.47		0		
豆粕		m1712-P-3000	246.5		269.5		246.5		246.5		191.5		257.5		55		66		-0.63		120		120		120		30.55		0		
豆粕		m1712-P-3050	284.5		288		284.5		288		225.5		292.5		62.5		67		-0.67		60		60		60		17.21		0		
豆粕		m1712-P-3100	330.5		337		321		335.5		261.5		329.5		74		68		-0.71		80		80		80		26.48		0		
豆粕		m1712-P-3150	371		371		358.5		361		300		368		61		68		-0.75		60		60		60		21.81		0		
豆粕		m1801-C-2600	317.5		317.5		284.5		290		272		293		18		21		0.73		260		234		234		74.87		0		
豆粕		m1801-C-2650	278		278		253		258		236.5		260.5		21.5		24		0.69		170		152		152		43.36		0		
豆粕		m1801-C-2700	242		242		224.5		226		203.5		230		22.5		26.5		0.64		56		50		50		12.7		0		
豆粕		m1801-C-2750	209		209		198.5		201		173.5		202		27.5		28.5		0.59		10		10		10		2.02		0		
豆粕		m1801-C-2800	180		180		172		175		147		176		28		29		0.55		202		154		154		35.34		0		
豆粕		m1801-C-2850	155.5		155.5		148.5		150		123		153		27		30		0.5		166		138		138		25.05		0		
豆粕		m1801-C-2900	136.5		136.5		128.5		131		102		132		29		30		0.45		340		264		264		44.41		0		
豆粕		m1801-C-2950	122.5		122.5		108.5		114.5		84		113.5		30.5		29.5		0.41		214		190		190		24.57		0		
豆粕		m1801-C-3000	107.5		107.5		96		98		68.5		96.5		29.5		28		0.36		336		264		264		32.84		0		
豆粕		m1801-C-3050	103		103		78.5		84		55		82		29		27		0.32		728		654		654		60.46		0		
豆粕		m1801-P-2600	66.5		118		65.5		68		44.5		72		23.5		27.5		-0.26		1,356		940		940		100.57		0		
豆粕		m1801-P-2650	80		93		80		87		58.5		88.5		28.5		30		-0.31		420		274		274		36.88		0		
豆粕		m1801-P-2700	95.5		112.5		95.5		106		75.5		108		30.5		32.5		-0.35		260		258		258		27.53		0		
豆粕		m1801-P-2750	113.5		132.5		113.5		129.5		95.5		129.5		34		34		-0.4		148		132		132		19.09		0		
豆粕		m1801-P-2800	135		160		135		153.5		118		153.5		35.5		35.5		-0.45		122		74		74		18.71		0		
豆粕		m1801-P-2850	161.5		182		161.5		182		144		179.5		38		35.5		-0.49		52		42		42		9.3		0		
豆粕		m1801-P-2900	191.5		211.5		191.5		209.5		172.5		208.5		37		36		-0.54		40		36		36		8.36		0		
豆粕		m1801-P-2950	223.5		245		223.5		245		204		239.5		41		35.5		-0.58		134		110		110		32.44		0		
豆粕		m1801-P-3000	258		275.5		258		275.5		238		272.5		37.5		34.5		-0.63		192		176		176		52.56		0		
豆粕		m1801-P-3050	294.5		313		294.5		313		274.5		307.5		38.5		33		-0.67		314		276		276		97.13		0		
豆粕		m1803-C-2650	302.5		302.5		284		285.5		288		296.5		-2.5		8.5		0.68		124		80		80		36.7		0		
豆粕		m1803-C-2700	276.5		276.5		259		261.5		254		266.5		7.5		12.5		0.64		150		80		80		40.36		0		
豆粕		m1803-C-2750	230.5		235.5		228.5		228.5		222.5		238.5		6		16		0.6		120		100		100		27.91		0		
豆粕		m1803-C-2800	219		219		207.5		207.5		194		212.5		13.5		18.5		0.56		100		60		60		21.67		0		
豆粕		m1803-C-2850	180.5		195.5		180.5		181		167.5		189		13.5		21.5		0.52		182		120		120		34.01		0		
豆粕		m1803-C-2900	171		171		160		160		143.5		167		16.5		23.5		0.48		120		80		80		20.03		0		
豆粕		m1803-C-2950	141		145.5		123.5		137.5		122.5		147.5		15		25		0.44		80		80		80		10.95		0		
豆粕		m1803-C-3000	125.5		128.5		122		122		103.5		129.5		18.5		26		0.41		60		40		40		7.52		0		
豆粕		m1803-C-3050	110.5		112.5		105.5		105.5		87		113		18.5		26		0.37		60		40		40		6.57		0		
豆粕		m1803-C-3100	73		172.5		73		91.5		73		98.5		18.5		25.5		0.33		206		104		104		19.76		0		
豆粕		m1803-P-2650	175		175		101		103		59.5		105.5		43.5		46		-0.31		148		124		124		16.53		0		
豆粕		m1803-P-2700	124		132		124		130		75		125		55		50		-0.35		100		100		100		12.8		0		
豆粕		m1803-P-2750	147		148		141		144		93		146.5		51		53.5		-0.39		102		82		82		14.75		0		
豆粕		m1803-P-2800	166.5		174		166.5		174		113.5		170		60.5		56.5		-0.43		40		40		40		6.81		0		
豆粕		m1803-P-2850	199		202.5		188		202.5		137		196		65.5		59		-0.47		80		80		80		15.66		0		
豆粕		m1803-P-2900	227.5		232.5		214.5		232.5		162.5		223.5		70		61		-0.51		100		100		100		22.51		0		
豆粕		m1803-P-2950	234		264		234		254.5		191		253		63.5		62		-0.55		140		120		120		35.13		0		
豆粕		m1803-P-3000	291.5		298		291.5		298		221.5		285		76.5		63.5		-0.58		60		60		60		17.62		0		
豆粕		m1803-P-3050	331		334		310.5		334		254.5		318		79.5		63.5		-0.62		80		80		80		25.99		0		
豆粕		m1803-P-3100	368.5		368.5		344.5		367		289.5		353		77.5		63.5		-0.66		100		80		80		36		0		
豆粕小计																					46,066		32,056		32,056		4,572.65	0		
总计																						46,066		32,056		32,056		4,572.65	0		
隐含波动率参考值	
合约系列	隐含波动率(%)	
m1707		16.25		
m1708		17.73		
m1709		17.6		
m1711		18.2		
m1712		17.96		
m1801		17.88		
m1803		18.3		
