商品名称	合约名称	开盘价		最高价		最低价		收盘价		前结算价	结算价		涨跌		涨跌1		Delta		成交量		持仓量		持仓量变化	成交额		行权量		
豆粕		m1707-C-2500	354		358.5		341.5		341.5		339		349		2.5		10		1		100		218		62		35		0		
豆粕		m1707-C-2550	301		309.5		293.5		293.5		289		299		4.5		10		1		92		226		-20		27.51		0		
豆粕		m1707-C-2600	250		259.5		242.5		242.5		240.5		250.5		2		10		0.97		94		316		26		23.51		0		
豆粕		m1707-C-2650	204.5		213.5		197		197		193.5		203.5		3.5		10		0.93		102		312		2		20.83		0		
豆粕		m1707-C-2700	159.5		167.5		150.5		150.5		149.5		159		1		9.5		0.86		114		452		40		18.04		0		
豆粕		m1707-C-2750	118		124.5		109.5		110		110		119.5		0		9.5		0.76		274		620		46		32.29		0		
豆粕		m1707-C-2800	85		88.5		76.5		76.5		77		85		-0.5		8		0.64		360		546		10		30.3		0		
豆粕		m1707-C-2850	56		59.5		50.5		51		50.5		57.5		0.5		7		0.51		620		1,150		102		34.71		0		
豆粕		m1707-C-2900	38.5		39		33.5		33.5		31		36.5		2.5		5.5		0.37		296		1,030		-20		10.95		0		
豆粕		m1707-C-2950	24.5		25.5		22		22		17.5		21.5		4.5		4		0.25		316		1,210		12		7.44		0		
豆粕		m1707-C-3000	14.5		16.5		14		15		9.5		12		5.5		2.5		0.16		186		664		94		2.82		0		
豆粕		m1707-C-3050	8.5		11.5		8		9.5		4.5		6		5		1.5		0.09		728		1,294		408		7.53		0		
豆粕		m1707-P-2500	1.5		1.5		0.5		1		0.5		0.5		0.5		0		-0.01		58		124		32		0.05		0		
豆粕		m1707-P-2550	2		2		1		1.5		0.5		0.5		1		0		-0.01		300		574		36		0.46		0		
豆粕		m1707-P-2600	2.5		3.5		2		2.5		2		2		0.5		0		-0.03		92		552		6		0.23		0		
豆粕		m1707-P-2650	3.5		5		3.5		5		5		4.5		0		-0.5		-0.07		84		1,220		-10		0.34		0		
豆粕		m1707-P-2700	10		10.5		8		8.5		11		10.5		-2.5		-0.5		-0.14		306		1,026		100		2.8		0		
豆粕		m1707-P-2750	18		21		14.5		17.5		21.5		20.5		-4		-1		-0.24		204		1,520		4		3.42		0		
豆粕		m1707-P-2800	34.5		35.5		27.5		34		38		36		-4		-2		-0.36		844		1,194		352		26.98		0		
豆粕		m1707-P-2850	57.5		58.5		49		58.5		61.5		58.5		-3		-3		-0.49		276		472		50		15.13		0		
豆粕		m1707-P-2900	88.5		91		79		89		92		87.5		-3		-4.5		-0.63		220		348		-14		18.83		0		
豆粕		m1707-P-2950	125		130		114.5		130		128.5		122.5		1.5		-6		-0.74		184		260		30		22.12		0		
豆粕		m1707-P-3000	166.5		169.5		157.5		162.5		170		163		-7.5		-7		-0.84		158		262		26		25.56		0		
豆粕		m1707-P-3050	211		214.5		200.5		214.5		215.5		207		-1		-8.5		-0.91		102		372		-10		21		0		
豆粕		m1708-C-2500	0		0		0		363		347.5		363		15.5		15.5		0.98		0		20		0		0		0		
豆粕		m1708-C-2550	0		0		0		315		299.5		315		15.5		15.5		0.96		0		0		0		0		0		
豆粕		m1708-C-2600	0		0		0		269		254		269		15		15		0.92		0		28		0		0		0		
豆粕		m1708-C-2650	0		0		0		224.5		210.5		224.5		14		14		0.87		0		20		0		0		0		
豆粕		m1708-C-2700	0		0		0		183.5		170.5		183.5		13		13		0.81		0		100		0		0		0		
豆粕		m1708-C-2750	0		0		0		146.5		134.5		146.5		12		12		0.73		0		194		0		0		0		
豆粕		m1708-C-2800	0		0		0		114		103.5		114		10.5		10.5		0.63		0		286		0		0		0		
豆粕		m1708-C-2850	0		0		0		86		77		86		9		9		0.54		0		324		0		0		0		
豆粕		m1708-C-2900	0		0		0		63		55.5		63		7.5		7.5		0.44		0		162		0		0		0		
豆粕		m1708-C-2950	43.5		43.5		43.5		43.5		39		45		4.5		6		0.35		20		160		0		0.87		0		
豆粕		m1708-C-3000	0		0		0		31		26.5		31		4.5		4.5		0.26		0		116		0		0		0		
豆粕		m1708-C-3050	23		23		23		23		17		20.5		6		3.5		0.19		20		228		2		0.46		0		
豆粕		m1708-C-3100	14.5		14.5		13		13.5		11		13		2.5		2		0.13		100		100		100		1.39		0		
豆粕		m1708-P-2500	0		0		0		1.5		2		1.5		-0.5		-0.5		-0.02		0		40		0		0		0		
豆粕		m1708-P-2550	0		0		0		4		4.5		4		-0.5		-0.5		-0.05		0		30		0		0		0		
豆粕		m1708-P-2600	0		0		0		7.5		8.5		7.5		-1		-1		-0.08		0		204		0		0		0		
豆粕		m1708-P-2650	0		0		0		13.5		15		13.5		-1.5		-1.5		-0.13		0		212		0		0		0		
豆粕		m1708-P-2700	20.5		20.5		20.5		20.5		25		22		-4.5		-3		-0.19		20		140		0		0.41		0		
豆粕		m1708-P-2750	0		0		0		35		39		35		-4		-4		-0.27		0		142		0		0		0		
豆粕		m1708-P-2800	0		0		0		52		57.5		52		-5.5		-5.5		-0.36		0		104		0		0		0		
豆粕		m1708-P-2850	0		0		0		74		81		74		-7		-7		-0.46		0		102		0		0		0		
豆粕		m1708-P-2900	100		100		100		100		109.5		101		-9.5		-8.5		-0.56		40		170		20		4		0		
豆粕		m1708-P-2950	0		0		0		132.5		142.5		132.5		-10		-10		-0.65		0		100		0		0		0		
豆粕		m1708-P-3000	0		0		0		168.5		180		168.5		-11.5		-11.5		-0.74		0		98		0		0		0		
豆粕		m1708-P-3050	0		0		0		208		220.5		208		-12.5		-12.5		-0.81		0		62		0		0		0		
豆粕		m1708-P-3100	0		0		0		250.5		264.5		250.5		-14		-14		-0.87		0		0		0		0		0		
豆粕		m1709-C-2500	340		353		337		341.5		316		341		25.5		25		0.93		242		826		-50		83.27		0		
豆粕		m1709-C-2550	296		307.5		288		290.5		271.5		296		19		24.5		0.9		252		1,354		-20		74.95		0		
豆粕		m1709-C-2600	247.5		263.5		244		244		230		253		14		23		0.85		354		734		42		89.74		0		
豆粕		m1709-C-2650	214.5		222		203.5		203.5		191		213		12.5		22		0.79		158		796		24		33.37		0		
豆粕		m1709-C-2700	166.5		184		166.5		168		156		176		12		20		0.73		118		666		10		20.58		0		
豆粕		m1709-C-2750	142.5		150		133.5		134		125		143		9		18		0.65		788		2,312		-16		112.02		0		
豆粕		m1709-C-2800	112		119.5		105		108		98		114		10		16		0.57		1,110		2,364		30		124.84		0		
豆粕		m1709-C-2850	90.5		94.5		82		84.5		75		89.5		9.5		14.5		0.49		2,684		2,906		672		237.28		0		
豆粕		m1709-C-2900	69		73.5		63		64		56.5		68.5		7.5		12		0.41		1,704		2,774		-80		117.29		0		
豆粕		m1709-C-2950	60		60		48		49.5		41.5		51.5		8		10		0.34		2,038		3,508		560		110.08		0		
豆粕		m1709-C-3000	35.5		44		35.5		38		30		38		8		8		0.27		3,394		6,752		986		141.09		0		
豆粕		m1709-C-3050	30.5		34.5		27.5		27.5		21		27.5		6.5		6.5		0.21		1,366		926		926		43.1		0		
豆粕		m1709-P-2500	8		8		7.5		7.5		8		7		-0.5		-1		-0.06		336		1,118		0		2.6		0		
豆粕		m1709-P-2550	12		13		11		11.5		13.5		11.5		-2		-2		-0.1		552		1,988		80		6.43		0		
豆粕		m1709-P-2600	17		19.5		16		17		21.5		19		-4.5		-2.5		-0.15		394		3,908		-20		7.05		0		
豆粕		m1709-P-2650	26.5		28.5		25		26.5		32.5		28.5		-6		-4		-0.2		822		2,738		314		21.74		0		
豆粕		m1709-P-2700	39.5		42		36.5		41		47.5		41.5		-6.5		-6		-0.27		978		2,160		-18		37.84		0		
豆粕		m1709-P-2750	55.5		59		51		56		66		58.5		-10		-7.5		-0.34		2,580		4,150		438		141.77		0		
豆粕		m1709-P-2800	77.5		81		69.5		79		89		79.5		-10		-9.5		-0.42		1,114		2,538		280		84.84		0		
豆粕		m1709-P-2850	102.5		107.5		95		104.5		116		104.5		-11.5		-11.5		-0.51		630		858		146		64.38		0		
豆粕		m1709-P-2900	132.5		138.5		123.5		136		147		133.5		-11		-13.5		-0.59		272		432		-100		35.89		0		
豆粕		m1709-P-2950	166.5		171		156		170.5		182		166		-11.5		-16		-0.66		296		458		-74		49.25		0		
豆粕		m1709-P-3000	205		210		193.5		209		220		202.5		-11		-17.5		-0.73		262		850		-32		53.16		0		
豆粕		m1709-P-3050	244		251		244		251		261		241.5		-10		-19.5		-0.79		76		56		56		18.79		0		
豆粕		m1711-C-2550	0		0		0		285.5		287		285.5		-1.5		-1.5		0.87		0		0		0		0		0		
豆粕		m1711-C-2600	0		0		0		244.5		246.5		244.5		-2		-2		0.82		0		40		0		0		0		
豆粕		m1711-C-2650	0		0		0		206.5		209		206.5		-2.5		-2.5		0.76		0		88		0		0		0		
豆粕		m1711-C-2700	0		0		0		171.5		175		171.5		-3.5		-3.5		0.69		0		130		0		0		0		
豆粕		m1711-C-2750	0		0		0		140.5		144		140.5		-3.5		-3.5		0.62		0		100		0		0		0		
豆粕		m1711-C-2800	0		0		0		113.5		117		113.5		-3.5		-3.5		0.54		0		180		0		0		0		
豆粕		m1711-C-2850	0		0		0		90		93.5		90		-3.5		-3.5		0.47		0		82		0		0		0		
豆粕		m1711-C-2900	0		0		0		70		73.5		70		-3.5		-3.5		0.4		0		82		0		0		0		
豆粕		m1711-C-2950	0		0		0		54		57		54		-3		-3		0.33		0		140		0		0		0		
豆粕		m1711-C-3000	0		0		0		40.5		43.5		40.5		-3		-3		0.27		0		88		0		0		0		
豆粕		m1711-C-3050	0		0		0		30		32.5		30		-2.5		-2.5		0.21		0		152		0		0		0		
豆粕		m1711-P-2550	20		20		20		20		19.5		17.5		0.5		-2		-0.13		20		48		-20		0.4		0		
豆粕		m1711-P-2600	28.5		28.5		28		28		29		26.5		-1		-2.5		-0.18		40		300		-40		1.13		0		
豆粕		m1711-P-2650	41		41		41		41		41		38.5		0		-2.5		-0.24		20		176		-20		0.82		0		
豆粕		m1711-P-2700	0		0		0		53.5		56.5		53.5		-3		-3		-0.3		0		84		0		0		0		
豆粕		m1711-P-2750	72		72		70.5		70.5		75.5		72		-5		-3.5		-0.37		62		130		18		4.46		0		
豆粕		m1711-P-2800	0		0		0		94.5		98		94.5		-3.5		-3.5		-0.45		0		60		0		0		0		
豆粕		m1711-P-2850	0		0		0		121		124		121		-3		-3		-0.53		0		60		0		0		0		
豆粕		m1711-P-2900	0		0		0		150.5		154		150.5		-3.5		-3.5		-0.6		0		20		0		0		0		
豆粕		m1711-P-2950	0		0		0		184		187		184		-3		-3		-0.67		0		20		0		0		0		
豆粕		m1711-P-3000	212.5		212.5		212.5		212.5		223.5		220.5		-11		-3		-0.73		20		20		0		4.25		0		
豆粕		m1711-P-3050	0		0		0		260		262.5		260		-2.5		-2.5		-0.78		0		20		0		0		0		
豆粕		m1712-C-2550	0		0		0		343		321		343		22		22		0.87		0		4		0		0		0		
豆粕		m1712-C-2600	0		0		0		302		281.5		302		20.5		20.5		0.83		0		4		0		0		0		
豆粕		m1712-C-2650	0		0		0		263.5		244		263.5		19.5		19.5		0.78		0		64		0		0		0		
豆粕		m1712-C-2700	0		0		0		228		210		228		18		18		0.73		0		88		0		0		0		
豆粕		m1712-C-2750	0		0		0		195		178.5		195		16.5		16.5		0.67		0		122		0		0		0		
豆粕		m1712-C-2800	0		0		0		165.5		150.5		165.5		15		15		0.61		0		168		0		0		0		
豆粕		m1712-C-2850	0		0		0		138.5		125		138.5		13.5		13.5		0.55		0		64		0		0		0		
豆粕		m1712-C-2900	0		0		0		115		103		115		12		12		0.49		0		60		0		0		0		
豆粕		m1712-C-2950	0		0		0		94.5		84		94.5		10.5		10.5		0.43		0		100		0		0		0		
豆粕		m1712-C-3000	0		0		0		76.5		68		76.5		8.5		8.5		0.37		0		80		0		0		0		
豆粕		m1712-C-3050	0		0		0		61.5		54		61.5		7.5		7.5		0.31		0		162		0		0		0		
豆粕		m1712-C-3100	0		0		0		49		43		49		6		6		0.26		0		164		0		0		0		
豆粕		m1712-C-3150	0		0		0		38.5		33.5		38.5		5		5		0.22		0		128		0		0		0		
豆粕		m1712-P-2550	0		0		0		22		26		22		-4		-4		-0.13		0		106		0		0		0		
豆粕		m1712-P-2600	0		0		0		31		36		31		-5		-5		-0.17		0		92		0		0		0		
豆粕		m1712-P-2650	0		0		0		42		48.5		42		-6.5		-6.5		-0.22		0		102		0		0		0		
豆粕		m1712-P-2700	57		57		57		57		64		56		-7		-8		-0.27		20		164		0		1.14		0		
豆粕		m1712-P-2750	74.5		74.5		74.5		74.5		82		73		-7.5		-9		-0.33		20		224		20		1.49		0		
豆粕		m1712-P-2800	91		91		91		91		103.5		93		-12.5		-10.5		-0.38		20		162		-20		1.82		0		
豆粕		m1712-P-2850	0		0		0		116		128		116		-12		-12		-0.45		0		90		0		0		0		
豆粕		m1712-P-2900	0		0		0		142		156		142		-14		-14		-0.51		0		116		0		0		0		
豆粕		m1712-P-2950	0		0		0		171		186.5		171		-15.5		-15.5		-0.57		0		120		0		0		0		
豆粕		m1712-P-3000	0		0		0		203		220		203		-17		-17		-0.63		0		120		0		0		0		
豆粕		m1712-P-3050	0		0		0		237.5		256		237.5		-18.5		-18.5		-0.68		0		80		0		0		0		
豆粕		m1712-P-3100	0		0		0		274.5		294		274.5		-19.5		-19.5		-0.73		0		80		0		0		0		
豆粕		m1712-P-3150	0		0		0		314		334.5		314		-20.5		-20.5		-0.77		0		60		0		0		0		
豆粕		m1801-C-2550	340.5		345.5		336.5		345.5		322		342		23.5		20		0.84		24		806		18		8.13		0		
豆粕		m1801-C-2600	298.5		298.5		292		292		283		302.5		9		19.5		0.8		32		726		26		9.5		0		
豆粕		m1801-C-2650	257.5		257.5		255.5		256.5		247		265.5		9.5		18.5		0.75		30		456		26		7.71		0		
豆粕		m1801-C-2700	224.5		228		224.5		228		213.5		231		14.5		17.5		0.7		10		316		0		2.25		0		
豆粕		m1801-C-2750	202.5		203		201		201		182.5		199.5		18.5		17		0.65		10		296		-8		2.02		0		
豆粕		m1801-C-2800	170.5		174.5		165.5		174.5		155		170.5		19.5		15.5		0.59		154		1,060		-28		26.08		0		
豆粕		m1801-C-2850	144		149.5		143		149.5		130.5		145		19		14.5		0.54		178		468		42		25.77		0		
豆粕		m1801-C-2900	122.5		128.5		120.5		120.5		108.5		121.5		12		13		0.48		104		586		16		12.89		0		
豆粕		m1801-C-2950	104.5		110		103		107.5		89.5		101.5		18		12		0.43		194		646		-12		20.72		0		
豆粕		m1801-C-3000	86		93		83		83.5		73		84		10.5		11		0.37		220		1,742		-10		19.52		0		
豆粕		m1801-C-3050	73		78.5		69.5		69.5		59.5		68.5		10		9		0.32		410		3,054		-8		30.5		0		
豆粕		m1801-C-3100	58.5		65		57		57		47.5		55.5		9.5		8		0.28		340		256		256		20.44		0		
豆粕		m1801-P-2550	24.5		26.5		23		25.5		31		29		-5.5		-2		-0.15		114		1,176		-34		2.74		0		
豆粕		m1801-P-2600	35		36.5		32.5		36.5		42		39.5		-5.5		-2.5		-0.19		96		2,146		-2		3.27		0		
豆粕		m1801-P-2650	47		50.5		45.5		49.5		55		52		-5.5		-3		-0.24		392		832		-58		18.68		0		
豆粕		m1801-P-2700	65		67.5		61		66		71.5		67.5		-5.5		-4		-0.29		234		830		58		14.78		0		
豆粕		m1801-P-2750	84.5		87		79		86		90.5		85.5		-4.5		-5		-0.34		348		720		16		28.66		0		
豆粕		m1801-P-2800	105		109		100.5		109		112.5		106		-3.5		-6.5		-0.4		784		1,150		50		82.23		0		
豆粕		m1801-P-2850	131		134.5		126		133.5		137.5		130		-4		-7.5		-0.46		580		250		56		74.65		0		
豆粕		m1801-P-2900	158.5		163		154.5		162.5		165		156.5		-2.5		-8.5		-0.51		66		280		-14		10.62		0		
豆粕		m1801-P-2950	188.5		195		186.5		195		196		186		-1		-10		-0.57		20		374		4		3.79		0		
豆粕		m1801-P-3000	222		228.5		216.5		225.5		229		218		-3.5		-11		-0.62		262		440		-42		58.7		0		
豆粕		m1801-P-3050	256.5		265.5		251.5		260.5		265		252.5		-4.5		-12.5		-0.67		118		580		28		30.6		0		
豆粕		m1801-P-3100	298		299		288		299		302.5		289		-3.5		-13.5		-0.72		108		108		108		31.68		0		
豆粕		m1803-C-2550	0		0		0		358		342.5		358		15.5		15.5		0.8		0		20		0		0		0		
豆粕		m1803-C-2600	0		0		0		321		305.5		321		15.5		15.5		0.76		0		0		0		0		0		
豆粕		m1803-C-2650	0		0		0		286		271		286		15		15		0.72		0		80		0		0		0		
豆粕		m1803-C-2700	245.5		245.5		245.5		245.5		238.5		254		7		15.5		0.68		20		80		0		4.91		0		
豆粕		m1803-C-2750	0		0		0		223.5		209		223.5		14.5		14.5		0.63		0		100		0		0		0		
豆粕		m1803-C-2800	0		0		0		196		181.5		196		14.5		14.5		0.58		0		100		0		0		0		
豆粕		m1803-C-2850	167		167		165.5		165.5		157		171		8.5		14		0.54		40		144		0		6.65		0		
豆粕		m1803-C-2900	0		0		0		148		134.5		148		13.5		13.5		0.49		0		200		0		0		0		
豆粕		m1803-C-2950	119.5		119.5		119.5		119.5		115		127.5		4.5		12.5		0.44		20		184		0		2.39		0		
豆粕		m1803-C-3000	0		0		0		109.5		97.5		109.5		12		12		0.4		0		68		0		0		0		
豆粕		m1803-C-3050	0		0		0		93		82		93		11		11		0.36		0		102		0		0		0		
豆粕		m1803-C-3100	0		0		0		79		68.5		79		10.5		10.5		0.32		0		164		0		0		0		
豆粕		m1803-P-2550	45		45		45		45		44.5		46.5		0.5		2		-0.19		20		194		20		0.9		0		
豆粕		m1803-P-2600	0		0		0		59.5		57		59.5		2.5		2.5		-0.23		0		178		0		0		0		
豆粕		m1803-P-2650	72.5		73		72.5		73		71.5		74		1.5		2.5		-0.27		40		200		-20		2.91		0		
豆粕		m1803-P-2700	0		0		0		91.5		89		91.5		2.5		2.5		-0.31		0		140		0		0		0		
豆粕		m1803-P-2750	107		107		107		107		109		111		-2		2		-0.36		2		100		0		0.21		0		
豆粕		m1803-P-2800	0		0		0		132.5		131		132.5		1.5		1.5		-0.41		0		62		0		0		0		
豆粕		m1803-P-2850	0		0		0		157		156		157		1		1		-0.45		0		100		0		0		0		
豆粕		m1803-P-2900	184		184		184		184		183		184		1		1		-0.5		40		120		-20		7.36		0		
豆粕		m1803-P-2950	223.5		223.5		213		213		213		213		0		0		-0.55		60		140		0		12.99		0		
豆粕		m1803-P-3000	0		0		0		244		245		244		-1		-1		-0.59		0		60		0		0		0		
豆粕		m1803-P-3050	284		284		284		284		279		277.5		5		-1.5		-0.64		40		60		-20		11.23		0		
豆粕		m1803-P-3100	323.5		323.5		319		319		315.5		313		3.5		-2.5		-0.68		60		82		-20		19.11		0		
豆粕小计																					34,222		92,996		6,006		2,736.43	0		
总计																						34,222		92,996		6,006		2,736.43	0		
隐含波动率参考值	
合约系列	隐含波动率(%)	
m1707		13.31		
m1708		14.71		
m1709		15.28		
m1711		13.22		
m1712		14.9		
m1801		15.09		
m1803		15.88		
