商品名称	合约名称	开盘价		最高价		最低价		收盘价		前结算价	结算价		涨跌		涨跌1		Delta		成交量		持仓量		持仓量变化	成交额		行权量		
豆粕		m1707-C-2500	367		367		367		367		360		360		7		0		1		20		218		-20		7.34		0		
豆粕		m1707-C-2550	0		0		0		310		310		310		0		0		1		0		186		0		0		0		
豆粕		m1707-C-2600	267		267		267		267		260		260		7		0		1		20		278		0		5.34		0		
豆粕		m1707-C-2650	214		214		214		214		211		211.5		3		0.5		0.97		40		180		-40		8.56		0		
豆粕		m1707-C-2700	168		168		160.5		165.5		163.5		164.5		2		1		0.92		50		292		2		8.31		0		
豆粕		m1707-C-2750	128		128		111		118		119		121.5		-1		2.5		0.83		162		432		-34		19.4		0		
豆粕		m1707-C-2800	85		85		73.5		78.5		81		84		-2.5		3		0.7		410		514		-8		32.74		0		
豆粕		m1707-C-2850	49		49		40		45		50.5		54		-5.5		3.5		0.54		102		986		-40		4.47		0		
豆粕		m1707-C-2900	26		27.5		21.5		25		28.5		32		-3.5		3.5		0.38		292		1,864		-74		7.51		0		
豆粕		m1707-C-2950	14		14		11.5		11.5		14		17		-2.5		3		0.24		164		1,272		-18		2.08		0		
豆粕		m1707-C-3000	8		8		7.5		7.5		6.5		8		1		1.5		0.13		120		886		36		0.91		0		
豆粕		m1707-C-3050	5.5		66		4.5		5		2.5		3.5		2.5		1		0.07		186		902		-4		1.08		0		
豆粕		m1707-C-3100	3.5		4		3		3.5		0.5		1.5		3		1		0.03		174		922		18		0.63		0		
豆粕		m1707-C-3150	2.5		3.5		2		2.5		0.5		0.5		2		0		0.01		622		428		304		1.65		0		
豆粕		m1707-P-2500	0		0		0		0.5		0.5		0.5		0		0		-0.01		0		658		0		0		0		
豆粕		m1707-P-2550	1		1		1		1		0.5		0.5		0.5		0		-0.01		2		796		-2		0		0		
豆粕		m1707-P-2600	2.5		2.5		2.5		2.5		0.5		0.5		2		0		-0.01		40		912		40		0.1		0		
豆粕		m1707-P-2650	2.5		2.5		2.5		2.5		1		1.5		1.5		0.5		-0.03		22		1,330		-2		0.05		0		
豆粕		m1707-P-2700	5		5.5		4.5		5		3.5		5		1.5		1.5		-0.09		66		1,202		24		0.33		0		
豆粕		m1707-P-2750	7.5		10		7.5		8.5		9.5		11.5		-1		2		-0.17		76		1,606		56		0.66		0		
豆粕		m1707-P-2800	15		18.5		14.5		15.5		21		24		-5.5		3		-0.3		368		1,670		132		6.2		0		
豆粕		m1707-P-2850	30		38.5		30		30		40.5		44		-10.5		3.5		-0.46		204		1,270		-6		7.05		0		
豆粕		m1707-P-2900	58		69		57		61.5		68.5		71.5		-7		3		-0.62		218		440		-64		13.69		0		
豆粕		m1707-P-2950	97		110.5		96.5		96.5		104		107		-7.5		3		-0.76		162		450		16		17.12		0		
豆粕		m1707-P-3000	152		156.5		143.5		143.5		146.5		148		-3		1.5		-0.87		64		248		0		9.61		0		
豆粕		m1707-P-3050	186.5		199.5		186.5		190.5		192.5		193.5		-2		1		-0.93		44		384		0		8.47		0		
豆粕		m1707-P-3100	250.5		250.5		237.5		237.5		241		241.5		-3.5		0.5		-0.97		40		144		0		9.76		0		
豆粕		m1707-P-3150	290.5		296		289		296		290.5		290.5		5.5		0		-0.9		44		50		-22		12.9		0		
豆粕		m1708-C-2500	0		0		0		353		345		353		8		8		1		0		44		0		0		0		
豆粕		m1708-C-2550	0		0		0		304		296		304		8		8		0.98		0		20		0		0		0		
豆粕		m1708-C-2600	0		0		0		256		248		256		8		8		0.95		0		28		0		0		0		
豆粕		m1708-C-2650	0		0		0		210.5		202.5		210.5		8		8		0.9		0		20		0		0		0		
豆粕		m1708-C-2700	0		0		0		167.5		160		167.5		7.5		7.5		0.83		0		100		0		0		0		
豆粕		m1708-C-2750	0		0		0		129		122		129		7		7		0.74		4		170		-4		0.52		0		
豆粕		m1708-C-2800	0		0		0		95.5		89		95.5		6.5		6.5		0.64		0		322		0		0		0		
豆粕		m1708-C-2850	50		63		50		63		62.5		67.5		0.5		5		0.52		22		378		-20		1.36		0		
豆粕		m1708-C-2900	0		0		0		46		41.5		46		4.5		4.5		0.4		0		222		0		0		0		
豆粕		m1708-C-2950	0		0		0		29.5		26.5		29.5		3		3		0.29		0		210		0		0		0		
豆粕		m1708-C-3000	0		0		0		18		16		18		2		2		0.2		0		254		0		0		0		
豆粕		m1708-C-3050	0		0		0		10.5		9		10.5		1.5		1.5		0.13		0		320		0		0		0		
豆粕		m1708-C-3100	0		0		0		6		5		6		1		1		0.08		0		380		0		0		0		
豆粕		m1708-P-2500	0		0		0		0.5		0.5		0.5		0		0		-0.01		0		82		0		0		0		
豆粕		m1708-P-2550	0		0		0		1.5		1.5		1.5		0		0		-0.02		0		32		0		0		0		
豆粕		m1708-P-2600	0		0		0		3.5		3.5		3.5		0		0		-0.05		0		236		0		0		0		
豆粕		m1708-P-2650	8.5		8.5		8.5		8.5		8		7.5		0.5		-0.5		-0.1		20		176		0		0.17		0		
豆粕		m1708-P-2700	0		0		0		14.5		15.5		14.5		-1		-1		-0.16		0		138		0		0		0		
豆粕		m1708-P-2750	0		0		0		26		27		26		-1		-1		-0.25		0		96		0		0		0		
豆粕		m1708-P-2800	46.5		46.5		46.5		46.5		44		42.5		2.5		-1.5		-0.36		20		170		-20		0.93		0		
豆粕		m1708-P-2850	0		0		0		64.5		67.5		64.5		-3		-3		-0.48		0		134		0		0		0		
豆粕		m1708-P-2900	0		0		0		92.5		96.5		92.5		-4		-4		-0.6		0		160		0		0		0		
豆粕		m1708-P-2950	0		0		0		126.5		131		126.5		-4.5		-4.5		-0.71		0		100		0		0		0		
豆粕		m1708-P-3000	166		166		166		166		170.5		165		-4.5		-5.5		-0.8		18		60		-18		2.99		0		
豆粕		m1708-P-3050	0		0		0		207.5		213.5		207.5		-6		-6		-0.87		0		44		0		0		0		
豆粕		m1708-P-3100	0		0		0		252.5		259.5		252.5		-7		-7		-0.92		0		2		0		0		0		
豆粕		m1709-C-2500	343.5		347.5		320		337		334.5		331		2.5		-3.5		0.96		186		1,354		20		61.48		0		
豆粕		m1709-C-2550	292.5		297.5		271		285		288		284		-3		-4		0.93		170		904		-26		48.46		0		
豆粕		m1709-C-2600	244.5		254		225		242.5		244		240		-1.5		-4		0.88		174		1,084		10		41.48		0		
豆粕		m1709-C-2650	204		207.5		181.5		199.5		202.5		198		-3		-4.5		0.82		328		1,196		126		62.21		0		
豆粕		m1709-C-2700	161.5		169		144.5		160.5		165		160		-4.5		-5		0.75		544		1,316		12		82.82		0		
豆粕		m1709-C-2750	131		133.5		111.5		124.5		131		126		-6.5		-5		0.66		784		3,300		22		94.82		0		
豆粕		m1709-C-2800	100		104.5		85.5		95.5		102		97		-6.5		-5		0.57		1,898		3,760		-16		177.32		0		
豆粕		m1709-C-2850	78		80.5		65		73		77		72.5		-4		-4.5		0.47		2,054		8,924		426		148.2		0		
豆粕		m1709-C-2900	60		62		49.5		56		57		52.5		-1		-4.5		0.38		1,750		6,942		-120		94.14		0		
豆粕		m1709-C-2950	46		48		40		43.5		41		37		2.5		-4		0.29		1,204		6,280		38		51.57		0		
豆粕		m1709-C-3000	37.5		38		31.5		35		28.5		25.5		6.5		-3		0.22		1,288		10,934		144		44.6		0		
豆粕		m1709-C-3050	29.5		30		25		27.5		19.5		17		8		-2.5		0.16		298		4,974		90		8.02		0		
豆粕		m1709-C-3100	22		23		19		21		13		11		8		-2		0.11		1,388		4,110		324		29.1		0		
豆粕		m1709-P-2500	4.5		4.5		4		4		4		3.5		0		-0.5		-0.04		142		2,842		6		0.61		0		
豆粕		m1709-P-2550	6.5		7		6		6.5		8		7		-1.5		-1		-0.07		326		2,480		8		2.12		0		
豆粕		m1709-P-2600	10		11.5		9.5		10		13.5		12.5		-3.5		-1		-0.12		442		5,212		152		4.47		0		
豆粕		m1709-P-2650	16		18		15		16.5		22.5		20.5		-6		-2		-0.18		408		3,848		2		6.74		0		
豆粕		m1709-P-2700	27		29.5		24		25.5		34.5		32.5		-9		-2		-0.25		1,074		5,638		264		28.82		0		
豆粕		m1709-P-2750	41.5		47.5		37.5		41		50.5		48.5		-9.5		-2		-0.34		1,834		5,884		178		77.7		0		
豆粕		m1709-P-2800	63.5		71		58		61		71		69		-10		-2		-0.43		3,340		4,900		-6		214.19		0		
豆粕		m1709-P-2850	89.5		101		84.5		88.5		96		94.5		-7.5		-1.5		-0.53		1,580		4,776		74		149.22		0		
豆粕		m1709-P-2900	123		136		115.5		126.5		126		124.5		0.5		-1.5		-0.62		368		1,156		64		47.11		0		
豆粕		m1709-P-2950	160.5		175.5		152		164.5		159.5		159		5		-0.5		-0.7		426		1,004		180		71.51		0		
豆粕		m1709-P-3000	197		217.5		193		201.5		197		197		4.5		0		-0.78		318		1,102		30		66.71		0		
豆粕		m1709-P-3050	243		258.5		235		248.5		238		238.5		10.5		0.5		-0.84		140		664		70		34.99		0		
豆粕		m1709-P-3100	284		303		277		287		281		282.5		6		1.5		-0.89		234		936		10		67.61		0		
豆粕		m1711-C-2550	0		0		0		318.5		317		318.5		1.5		1.5		0.9		0		12		0		0		0		
豆粕		m1711-C-2600	0		0		0		275.5		274.5		275.5		1		1		0.86		0		40		0		0		0		
豆粕		m1711-C-2650	0		0		0		235.5		235		235.5		0.5		0.5		0.8		0		88		0		0		0		
豆粕		m1711-C-2700	0		0		0		198.5		198.5		198.5		0		0		0.74		0		134		0		0		0		
豆粕		m1711-C-2750	0		0		0		164.5		165.5		164.5		-1		-1		0.67		0		116		0		0		0		
豆粕		m1711-C-2800	0		0		0		134.5		136		134.5		-1.5		-1.5		0.6		0		198		0		0		0		
豆粕		m1711-C-2850	0		0		0		108		110		108		-2		-2		0.53		0		102		0		0		0		
豆粕		m1711-C-2900	78.5		78.5		78.5		78.5		87.5		85.5		-9		-2		0.45		20		84		-20		1.57		0		
豆粕		m1711-C-2950	66.5		66.5		63		63		69		66.5		-6		-2.5		0.38		40		200		40		2.59		0		
豆粕		m1711-C-3000	0		0		0		51		53		51		-2		-2		0.31		0		148		0		0		0		
豆粕		m1711-C-3050	41.5		42		39		39		40.5		38		-1.5		-2.5		0.25		60		366		60		2.45		0		
豆粕		m1711-C-3100	32		32		32		32		30.5		28		1.5		-2.5		0.2		20		204		20		0.64		0		
豆粕		m1711-P-2550	0		0		0		13		15		13		-2		-2		-0.1		0		74		0		0		0		
豆粕		m1711-P-2600	0		0		0		20		23		20		-3		-3		-0.14		20		184		-20		0.4		0		
豆粕		m1711-P-2650	0		0		0		29.5		33		29.5		-3.5		-3.5		-0.19		20		180		-20		0.59		0		
豆粕		m1711-P-2700	40.5		40.5		40.5		40.5		46.5		42		-6		-4.5		-0.25		20		150		0		0.81		0		
豆粕		m1711-P-2750	0		0		0		58		63		58		-5		-5		-0.32		0		152		0		0		0		
豆粕		m1711-P-2800	0		0		0		78		83.5		78		-5.5		-5.5		-0.39		0		120		0		0		0		
豆粕		m1711-P-2850	0		0		0		101		107		101		-6		-6		-0.47		0		100		0		0		0		
豆粕		m1711-P-2900	0		0		0		128.5		134.5		128.5		-6		-6		-0.54		0		42		0		0		0		
豆粕		m1711-P-2950	0		0		0		159		165.5		159		-6.5		-6.5		-0.62		0		60		0		0		0		
豆粕		m1711-P-3000	0		0		0		193		199.5		193		-6.5		-6.5		-0.68		0		60		0		0		0		
豆粕		m1711-P-3050	0		0		0		230.5		236.5		230.5		-6		-6		-0.74		0		44		0		0		0		
豆粕		m1711-P-3100	0		0		0		270		276		270		-6		-6		-0.8		0		20		0		0		0		
豆粕		m1712-C-2550	0		0		0		323.5		328		323.5		-4.5		-4.5		0.88		0		4		0		0		0		
豆粕		m1712-C-2600	0		0		0		281.5		287		281.5		-5.5		-5.5		0.84		0		4		0		0		0		
豆粕		m1712-C-2650	0		0		0		242		248.5		242		-6.5		-6.5		0.79		0		64		0		0		0		
豆粕		m1712-C-2700	0		0		0		205.5		213		205.5		-7.5		-7.5		0.73		0		84		0		0		0		
豆粕		m1712-C-2750	0		0		0		172		180.5		172		-8.5		-8.5		0.67		0		122		0		0		0		
豆粕		m1712-C-2800	0		0		0		142.5		151		142.5		-8.5		-8.5		0.6		0		168		0		0		0		
豆粕		m1712-C-2850	0		0		0		116		125		116		-9		-9		0.53		0		82		0		0		0		
豆粕		m1712-C-2900	93.5		93.5		93.5		93.5		102.5		93.5		-9		-9		0.46		2		62		2		0.19		0		
豆粕		m1712-C-2950	0		0		0		74		82.5		74		-8.5		-8.5		0.39		0		100		0		0		0		
豆粕		m1712-C-3000	0		0		0		57.5		66		57.5		-8.5		-8.5		0.33		0		192		0		0		0		
豆粕		m1712-C-3050	0		0		0		44.5		52		44.5		-7.5		-7.5		0.27		0		162		0		0		0		
豆粕		m1712-C-3100	0		0		0		33.5		40.5		33.5		-7		-7		0.22		0		278		0		0		0		
豆粕		m1712-C-3150	0		0		0		25		31.5		25		-6.5		-6.5		0.17		0		120		0		0		0		
豆粕		m1712-P-2550	0		0		0		16		20.5		16		-4.5		-4.5		-0.11		0		146		0		0		0		
豆粕		m1712-P-2600	0		0		0		23.5		29.5		23.5		-6		-6		-0.15		0		126		0		0		0		
豆粕		m1712-P-2650	0		0		0		34		40.5		34		-6.5		-6.5		-0.2		0		94		0		0		0		
豆粕		m1712-P-2700	0		0		0		47.5		55		47.5		-7.5		-7.5		-0.26		0		180		0		0		0		
豆粕		m1712-P-2750	0		0		0		64		72		64		-8		-8		-0.33		0		186		0		0		0		
豆粕		m1712-P-2800	0		0		0		83.5		92.5		83.5		-9		-9		-0.39		0		162		0		0		0		
豆粕		m1712-P-2850	0		0		0		107		116		107		-9		-9		-0.46		0		90		0		0		0		
豆粕		m1712-P-2900	0		0		0		134		143		134		-9		-9		-0.53		0		116		0		0		0		
豆粕		m1712-P-2950	0		0		0		164.5		173		164.5		-8.5		-8.5		-0.6		0		140		0		0		0		
豆粕		m1712-P-3000	0		0		0		198		206		198		-8		-8		-0.67		0		140		0		0		0		
豆粕		m1712-P-3050	0		0		0		234.5		242		234.5		-7.5		-7.5		-0.72		0		84		0		0		0		
豆粕		m1712-P-3100	0		0		0		273.5		280.5		273.5		-7		-7		-0.78		0		84		0		0		0		
豆粕		m1712-P-3150	0		0		0		314.5		320.5		314.5		-6		-6		-0.82		0		60		0		0		0		
豆粕		m1801-C-2550	328.5		328.5		309.5		315.5		317		316.5		-1.5		-0.5		0.86		34		418		-6		10.97		0		
豆粕		m1801-C-2600	281.5		281.5		265.5		279.5		277		276.5		2.5		-0.5		0.81		268		782		152		73.32		0		
豆粕		m1801-C-2650	234		236		229		230		239.5		238.5		-9.5		-1		0.76		70		498		0		16.43		0		
豆粕		m1801-C-2700	211.5		211.5		191.5		199.5		204.5		204		-5		-0.5		0.7		74		360		-4		14.66		0		
豆粕		m1801-C-2750	178		178		160.5		169.5		173		172		-3.5		-1		0.64		206		1,036		4		34.35		0		
豆粕		m1801-C-2800	149		149		132.5		135.5		144.5		144		-9		-0.5		0.58		16		964		0		2.23		0		
豆粕		m1801-C-2850	118		123.5		109.5		114		119.5		118.5		-5.5		-1		0.51		198		1,732		4		22.69		0		
豆粕		m1801-C-2900	99		102.5		91		95.5		97.5		97		-2		-0.5		0.45		180		2,494		-30		17.08		0		
豆粕		m1801-C-2950	78		78		73.5		78		78.5		78		-0.5		-0.5		0.39		58		1,708		-4		4.41		0		
豆粕		m1801-C-3000	67.5		67.5		62		64.5		63		62		1.5		-1		0.33		278		2,514		2		17.82		0		
豆粕		m1801-C-3050	56.5		58		50.5		54.5		49.5		49		5		-0.5		0.27		442		4,110		46		23.51		0		
豆粕		m1801-C-3100	45		45.5		41		45.5		38.5		38		7		-0.5		0.23		518		1,536		166		22.19		0		
豆粕		m1801-P-2550	22.5		24		22.5		22.5		23		22.5		-0.5		-0.5		-0.14		324		1,436		-36		7.66		0		
豆粕		m1801-P-2600	31		33		30.5		30.5		32.5		32		-2		-0.5		-0.18		402		2,110		6		12.66		0		
豆粕		m1801-P-2650	41.5		44.5		41.5		42		44.5		44		-2.5		-0.5		-0.23		118		1,102		22		5.12		0		
豆粕		m1801-P-2700	55.5		59		54.5		54.5		59.5		59		-5		-0.5		-0.29		418		1,182		138		23.95		0		
豆粕		m1801-P-2750	73		76.5		71		71.5		77.5		77		-6		-0.5		-0.35		276		1,468		46		20.49		0		
豆粕		m1801-P-2800	94		98.5		91		93		99		98		-6		-1		-0.42		208		1,662		32		19.88		0		
豆粕		m1801-P-2850	115.5		124.5		115		116.5		123.5		122.5		-7		-1		-0.48		190		1,516		8		22.77		0		
豆粕		m1801-P-2900	144.5		154.5		144.5		146		151		150.5		-5		-0.5		-0.55		44		268		10		6.51		0		
豆粕		m1801-P-2950	176.5		187.5		176		179.5		182		181.5		-2.5		-0.5		-0.61		28		274		18		5.07		0		
豆粕		m1801-P-3000	214.5		223.5		214.5		218		216		215		2		-1		-0.67		68		360		-8		14.9		0		
豆粕		m1801-P-3050	254.5		264		247		253.5		252		251.5		1.5		-0.5		-0.72		96		414		12		24.79		0		
豆粕		m1801-P-3100	297		305		297		303		291		290.5		12		-0.5		-0.77		56		442		0		16.91		0		
豆粕		m1803-C-2550	0		0		0		334		336.5		334		-2.5		-2.5		0.82		0		22		0		0		0		
豆粕		m1803-C-2600	0		0		0		295.5		298		295.5		-2.5		-2.5		0.78		0		0		0		0		0		
豆粕		m1803-C-2650	0		0		0		259.5		262		259.5		-2.5		-2.5		0.74		0		210		0		0		0		
豆粕		m1803-C-2700	0		0		0		226		229		226		-3		-3		0.69		0		80		0		0		0		
豆粕		m1803-C-2750	0		0		0		195.5		198.5		195.5		-3		-3		0.63		0		100		0		0		0		
豆粕		m1803-C-2800	0		0		0		167.5		170.5		167.5		-3		-3		0.58		0		100		0		0		0		
豆粕		m1803-C-2850	0		0		0		142.5		145.5		142.5		-3		-3		0.52		0		144		0		0		0		
豆粕		m1803-C-2900	0		0		0		120.5		123		120.5		-2.5		-2.5		0.47		0		200		0		0		0		
豆粕		m1803-C-2950	0		0		0		100.5		103		100.5		-2.5		-2.5		0.41		0		206		0		0		0		
豆粕		m1803-C-3000	0		0		0		83.5		86		83.5		-2.5		-2.5		0.36		0		148		0		0		0		
豆粕		m1803-C-3050	0		0		0		69		71		69		-2		-2		0.32		0		158		0		0		0		
豆粕		m1803-C-3100	57.5		57.5		57.5		57.5		58		56.5		-0.5		-1.5		0.27		20		204		0		1.15		0		
豆粕		m1803-P-2550	0		0		0		34.5		35		34.5		-0.5		-0.5		-0.17		0		174		0		0		0		
豆粕		m1803-P-2600	0		0		0		45.5		46.5		45.5		-1		-1		-0.21		0		158		0		0		0		
豆粕		m1803-P-2650	58.5		58.5		58.5		58.5		60		59		-1.5		-1		-0.26		20		178		20		1.17		0		
豆粕		m1803-P-2700	0		0		0		75.5		76.5		75.5		-1		-1		-0.31		0		90		0		0		0		
豆粕		m1803-P-2750	0		0		0		94.5		95		94.5		-0.5		-0.5		-0.36		0		120		0		0		0		
豆粕		m1803-P-2800	0		0		0		116		117		116		-1		-1		-0.41		0		60		0		0		0		
豆粕		m1803-P-2850	0		0		0		140.5		141.5		140.5		-1		-1		-0.47		0		100		0		0		0		
豆粕		m1803-P-2900	0		0		0		168		168.5		168		-0.5		-0.5		-0.52		0		120		0		0		0		
豆粕		m1803-P-2950	0		0		0		198		198.5		198		-0.5		-0.5		-0.58		20		100		-20		3.96		0		
豆粕		m1803-P-3000	0		0		0		230.5		230.5		230.5		0		0		-0.63		0		128		0		0		0		
豆粕		m1803-P-3050	0		0		0		265		265.5		265		-0.5		-0.5		-0.68		0		120		0		0		0		
豆粕		m1803-P-3100	0		0		0		302		302		302		0		0		-0.72		0		82		0		0		0		
豆粕小计																					31,326		159,254		2,954		2,363.79	0		
总计																						31,326		159,254		2,954		2,363.79	0		
隐含波动率参考值	
合约系列	隐含波动率(%)	
m1707		15.84		
m1708		14.78		
m1709		15.02		
m1711		14.21		
m1712		14.06		
m1801		14.13		
m1803		14.39		
