商品名称	合约名称	开盘价		最高价		最低价		收盘价		前结算价	结算价		涨跌		涨跌1		Delta		成交量		持仓量		持仓量变化	成交额		行权量		
豆粕		m1708-C-2400	0		0		0		273		283		273		-10		-10		1		0		0		0		0		0		
豆粕		m1708-C-2450	0		0		0		223		233		223		-10		-10		1		0		40		0		0		0		
豆粕		m1708-C-2500	0		0		0		174		184.5		174		-10.5		-10.5		0.97		0		36		0		0		0		
豆粕		m1708-C-2550	122.5		122.5		122.5		122.5		138.5		127		-16		-11.5		0.91		20		42		20		2.45		0		
豆粕		m1708-C-2600	79		79		79		79		97.5		85		-18.5		-12.5		0.78		40		208		20		3.16		0		
豆粕		m1708-C-2650	46.5		46.5		45		45		63		51		-18		-12		0.6		40		140		0		1.83		0		
豆粕		m1708-C-2700	25.5		28		24		28		37		26.5		-9		-10.5		0.4		62		286		42		1.54		0		
豆粕		m1708-C-2750	0		0		0		12		19.5		12		-7.5		-7.5		0.22		0		358		0		0		0		
豆粕		m1708-C-2800	5		5		5		5		9		4.5		-4		-4.5		0.1		2		424		2		0.01		0		
豆粕		m1708-C-2850	3		3		3		3		3.5		1.5		-0.5		-2		0.04		6		520		0		0.02		0		
豆粕		m1708-C-2900	2		2		2		2		1		0.5		1		-0.5		0.01		4		306		0		0.01		0		
豆粕		m1708-C-2950	0.5		0.5		0.5		0.5		0.5		0.5		0		0		0.01		4		274		0		0		0		
豆粕		m1708-C-3000	0.5		0.5		0.5		0.5		0.5		0.5		0		0		0.01		32		308		4		0.02		0		
豆粕		m1708-C-3050	0.5		0.5		0.5		0.5		0.5		0.5		0		0		0.01		20		316		-20		0.01		0		
豆粕		m1708-C-3100	0		0		0		0.5		0.5		0.5		0		0		0.01		0		362		0		0		0		
豆粕		m1708-P-2400	0		0		0		0.5		0.5		0.5		0		0		-0.01		0		46		0		0		0		
豆粕		m1708-P-2450	0		0		0		0.5		0.5		0.5		0		0		-0.01		0		84		0		0		0		
豆粕		m1708-P-2500	0		0		0		1		2		1		-1		-1		-0.03		0		560		0		0		0		
豆粕		m1708-P-2550	4.5		4.5		3		3		6		4		-3		-2		-0.09		90		384		76		0.29		0		
豆粕		m1708-P-2600	11		13.5		8		13.5		14.5		12		-1		-2.5		-0.22		30		702		30		0.34		0		
豆粕		m1708-P-2650	28.5		30.5		27		30.5		30		28		0.5		-2		-0.4		64		428		24		1.79		0		
豆粕		m1708-P-2700	56.5		58		56.5		58		54		53.5		4		-0.5		-0.6		40		210		-20		2.29		0		
豆粕		m1708-P-2750	94.5		96.5		94.5		96.5		86.5		89		10		2.5		-0.78		40		122		0		3.82		0		
豆粕		m1708-P-2800	0		0		0		131.5		126		131.5		5.5		5.5		-0.9		0		176		0		0		0		
豆粕		m1708-P-2850	0		0		0		178.5		170.5		178.5		8		8		-0.96		0		170		0		0		0		
豆粕		m1708-P-2900	0		0		0		227.5		218.5		227.5		9		9		-1		0		136		0		0		0		
豆粕		m1708-P-2950	0		0		0		277		267.5		277		9.5		9.5		-1		0		96		0		0		0		
豆粕		m1708-P-3000	0		0		0		327		317		327		10		10		-1		0		60		0		0		0		
豆粕		m1708-P-3050	0		0		0		377		367		377		10		10		-1		0		42		0		0		0		
豆粕		m1708-P-3100	0		0		0		427		417		427		10		10		-1		0		2		0		0		0		
豆粕		m1709-C-2400	307		307		293		300		306.5		296		-6.5		-10.5		0.96		124		572		-32		37.04		1		
豆粕		m1709-C-2450	252		252.5		245		250.5		259.5		249.5		-9		-10		0.92		148		570		-52		36.93		0		
豆粕		m1709-C-2500	210		210		198		202		214		205.5		-12		-8.5		0.87		244		906		-8		49.45		0		
豆粕		m1709-C-2550	162.5		166.5		153.5		160.5		172		165		-11.5		-7		0.79		224		1,018		4		35.88		0		
豆粕		m1709-C-2600	124		128		115.5		121.5		134		128.5		-12.5		-5.5		0.71		692		1,360		66		85.19		0		
豆粕		m1709-C-2650	95		95		85		91.5		101		97		-9.5		-4		0.6		1,512		2,812		-372		136.33		0		
豆粕		m1709-C-2700	67		69.5		61		66		73		71		-7		-2		0.5		2,030		5,472		512		134.21		0		
豆粕		m1709-C-2750	47		49.5		44		48		51		50		-3		-1		0.39		1,564		6,558		324		73.58		0		
豆粕		m1709-C-2800	33.5		35.5		31.5		34		34		34		0		0		0.3		1,042		6,898		98		35.3		0		
豆粕		m1709-C-2850	24		26		23		25		22		22		3		0		0.21		1,070		13,712		558		26.15		0		
豆粕		m1709-C-2900	18		18.5		17		18.5		13.5		14		5		0.5		0.15		360		8,166		-48		6.4		0		
豆粕		m1709-C-2950	12.5		13.5		12		13		8		8.5		5		0.5		0.1		220		6,892		24		2.82		0		
豆粕		m1709-C-3000	10		11.5		9		9.5		4.5		5		5		0.5		0.06		3,884		11,072		-436		39.66		0		
豆粕		m1709-C-3050	7.5		7.5		7		7.5		2.5		2.5		5		0		0.04		174		4,230		-26		1.28		0		
豆粕		m1709-C-3100	5		5.5		4.5		5		1		1.5		4		0.5		0.02		328		5,674		-74		1.67		0		
豆粕		m1709-P-2400	4		4		2.5		2.5		2		3.5		0.5		1.5		-0.04		292		1,790		132		0.92		0		
豆粕		m1709-P-2450	4.5		4.5		4		4		4.5		7		-0.5		2.5		-0.08		112		784		-8		0.48		0		
豆粕		m1709-P-2500	8.5		8.5		7		7		9.5		13		-2.5		3.5		-0.13		284		4,830		-20		2.22		0		
豆粕		m1709-P-2550	14.5		16		14		14		17.5		22		-3.5		4.5		-0.2		340		4,498		56		5.04		0		
豆粕		m1709-P-2600	26.5		29		25.5		26		29		35.5		-3		6.5		-0.29		786		7,708		186		21.83		0		
豆粕		m1709-P-2650	44.5		48.5		42		44.5		46		54		-1.5		8		-0.39		1,568		8,152		324		71.66		0		
豆粕		m1709-P-2700	69		75		65.5		70		68		78		2		10		-0.5		1,380		7,022		346		98.14		0		
豆粕		m1709-P-2750	99.5		106.5		97.5		100		96		107		4		11		-0.6		276		5,492		62		28.35		0		
豆粕		m1709-P-2800	136		143		132.5		138		129		141		9		12		-0.7		244		2,322		70		33.64		0		
豆粕		m1709-P-2850	176.5		186.5		172		178.5		167		179		11.5		12		-0.78		398		2,482		4		71.14		0		
豆粕		m1709-P-2900	219.5		230		216.5		222		208.5		220.5		13.5		12		-0.85		154		914		24		34.29		0		
豆粕		m1709-P-2950	265		272.5		265		267		252.5		265		14.5		12.5		-0.9		98		602		4		26.28		0		
豆粕		m1709-P-3000	310.5		323		307		313.5		299		311.5		14.5		12.5		-0.94		288		748		-30		90.63		0		
豆粕		m1709-P-3050	360		365.5		354.5		360.5		347		359.5		13.5		12.5		-0.96		170		762		-30		61.48		0		
豆粕		m1709-P-3100	406		418		403		408		396		408.5		12		12.5		-0.98		182		716		-28		74.89		0		
豆粕		m1711-C-2400	0		0		0		310		324		310		-14		-14		0.9		0		28		0		0		0		
豆粕		m1711-C-2450	0		0		0		267		281		267		-14		-14		0.85		0		20		0		0		0		
豆粕		m1711-C-2500	0		0		0		227		241		227		-14		-14		0.8		0		40		0		0		0		
豆粕		m1711-C-2550	0		0		0		190		203.5		190		-13.5		-13.5		0.74		0		12		0		0		0		
豆粕		m1711-C-2600	0		0		0		157		169.5		157		-12.5		-12.5		0.67		0		40		0		0		0		
豆粕		m1711-C-2650	121		121		121		121		139.5		127		-18.5		-12.5		0.59		10		52		10		1.21		0		
豆粕		m1711-C-2700	0		0		0		101.5		112.5		101.5		-11		-11		0.51		0		134		0		0		0		
豆粕		m1711-C-2750	0		0		0		79.5		89.5		79.5		-10		-10		0.44		0		136		0		0		0		
豆粕		m1711-C-2800	0		0		0		61.5		70.5		61.5		-9		-9		0.37		0		160		0		0		0		
豆粕		m1711-C-2850	0		0		0		46.5		54		46.5		-7.5		-7.5		0.3		0		102		0		0		0		
豆粕		m1711-C-2900	0		0		0		34.5		41		34.5		-6.5		-6.5		0.24		0		260		0		0		0		
豆粕		m1711-C-2950	0		0		0		25		31		25		-6		-6		0.19		0		376		0		0		0		
豆粕		m1711-C-3000	25		25		25		25		22.5		18		2.5		-4.5		0.14		2		608		0		0.05		0		
豆粕		m1711-C-3050	0		0		0		12.5		16.5		12.5		-4		-4		0.11		0		442		0		0		0		
豆粕		m1711-C-3100	0		0		0		9		11.5		9		-2.5		-2.5		0.08		0		328		0		0		0		
豆粕		m1711-P-2400	15		15		12		13		13		13		0		0		-0.1		100		120		100		1.34		0		
豆粕		m1711-P-2450	20		20		20		20		20		20		0		0		-0.14		20		60		0		0.4		0		
豆粕		m1711-P-2500	0		0		0		30		29.5		30		0.5		0.5		-0.2		0		80		0		0		0		
豆粕		m1711-P-2550	0		0		0		42.5		42.5		42.5		0		0		-0.26		0		88		0		0		0		
豆粕		m1711-P-2600	0		0		0		59		58		59		1		1		-0.33		0		222		0		0		0		
豆粕		m1711-P-2650	0		0		0		79.5		77.5		79.5		2		2		-0.41		0		216		0		0		0		
豆粕		m1711-P-2700	0		0		0		103.5		101		103.5		2.5		2.5		-0.48		0		124		0		0		0		
豆粕		m1711-P-2750	127.5		128		127.5		128		127.5		131.5		0.5		4		-0.56		8		198		-8		1.02		0		
豆粕		m1711-P-2800	0		0		0		163		158		163		5		5		-0.63		0		136		0		0		0		
豆粕		m1711-P-2850	0		0		0		198		192		198		6		6		-0.7		0		96		0		0		0		
豆粕		m1711-P-2900	0		0		0		236		228.5		236		7.5		7.5		-0.76		0		60		0		0		0		
豆粕		m1711-P-2950	0		0		0		276.5		268		276.5		8.5		8.5		-0.81		0		60		0		0		0		
豆粕		m1711-P-3000	0		0		0		319		309.5		319		9.5		9.5		-0.86		0		60		0		0		0		
豆粕		m1711-P-3050	0		0		0		363.5		353.5		363.5		10		10		-0.89		0		44		0		0		0		
豆粕		m1711-P-3100	0		0		0		409.5		398.5		409.5		11		11		-0.92		0		20		0		0		0		
豆粕		m1712-C-2450	0		0		0		285		292.5		285		-7.5		-7.5		0.84		0		0		0		0		0		
豆粕		m1712-C-2500	0		0		0		245.5		253.5		245.5		-8		-8		0.79		0		20		0		0		0		
豆粕		m1712-C-2550	0		0		0		209		217.5		209		-8.5		-8.5		0.73		0		4		0		0		0		
豆粕		m1712-C-2600	0		0		0		176		184		176		-8		-8		0.67		0		2		0		0		0		
豆粕		m1712-C-2650	0		0		0		146		154.5		146		-8.5		-8.5		0.6		0		82		0		0		0		
豆粕		m1712-C-2700	0		0		0		119.5		127.5		119.5		-8		-8		0.54		0		156		0		0		0		
豆粕		m1712-C-2750	0		0		0		96.5		104.5		96.5		-8		-8		0.47		0		200		0		0		0		
豆粕		m1712-C-2800	0		0		0		77		84.5		77		-7.5		-7.5		0.4		0		340		0		0		0		
豆粕		m1712-C-2850	61		61		61		61		67.5		60.5		-6.5		-7		0.34		20		180		-20		1.22		0		
豆粕		m1712-C-2900	0		0		0		47		53		47		-6		-6		0.28		0		164		0		0		0		
豆粕		m1712-C-2950	0		0		0		36		41.5		36		-5.5		-5.5		0.23		0		130		0		0		0		
豆粕		m1712-C-3000	0		0		0		27		32		27		-5		-5		0.18		0		376		0		0		0		
豆粕		m1712-C-3050	0		0		0		20		24		20		-4		-4		0.14		0		262		0		0		0		
豆粕		m1712-C-3100	0		0		0		15		18		15		-3		-3		0.11		0		378		0		0		0		
豆粕		m1712-C-3150	0		0		0		10.5		13.5		10.5		-3		-3		0.08		0		220		0		0		0		
豆粕		m1712-P-2450	0		0		0		24		26.5		24		-2.5		-2.5		-0.15		0		60		0		0		0		
豆粕		m1712-P-2500	0		0		0		34.5		37.5		34.5		-3		-3		-0.2		0		80		0		0		0		
豆粕		m1712-P-2550	48		48		48		48		51		48		-3		-3		-0.26		20		166		0		0.96		0		
豆粕		m1712-P-2600	65		65		65		65		67.5		64.5		-2.5		-3		-0.32		20		186		20		1.3		0		
豆粕		m1712-P-2650	0		0		0		84.5		87.5		84.5		-3		-3		-0.39		0		104		0		0		0		
豆粕		m1712-P-2700	105.5		105.5		105.5		105.5		111		107.5		-5.5		-3.5		-0.46		2		146		0		0.21		0		
豆粕		m1712-P-2750	0		0		0		134.5		137.5		134.5		-3		-3		-0.53		0		186		0		0		0		
豆粕		m1712-P-2800	0		0		0		164.5		167		164.5		-2.5		-2.5		-0.6		0		150		0		0		0		
豆粕		m1712-P-2850	0		0		0		198		200		198		-2		-2		-0.66		0		90		0		0		0		
豆粕		m1712-P-2900	0		0		0		234		235.5		234		-1.5		-1.5		-0.72		0		80		0		0		0		
豆粕		m1712-P-2950	0		0		0		273		273.5		273		-0.5		-0.5		-0.77		0		100		0		0		0		
豆粕		m1712-P-3000	0		0		0		314		313.5		314		0.5		0.5		-0.81		0		100		0		0		0		
豆粕		m1712-P-3050	0		0		0		357		356		357		1		1		-0.85		0		84		0		0		0		
豆粕		m1712-P-3100	0		0		0		401.5		399.5		401.5		2		2		-0.89		0		84		0		0		0		
豆粕		m1712-P-3150	0		0		0		447		445		447		2		2		-0.92		0		60		0		0		0		
豆粕		m1801-C-2450	305.5		308		305.5		308		319.5		305.5		-11.5		-14		0.82		12		338		10		3.67		0		
豆粕		m1801-C-2500	268.5		268.5		262.5		262.5		281		267.5		-18.5		-13.5		0.77		4		486		0		1.06		0		
豆粕		m1801-C-2550	0		0		0		232.5		245		232.5		-12.5		-12.5		0.72		0		420		0		0		0		
豆粕		m1801-C-2600	201		201		191.5		194		211.5		200		-17.5		-11.5		0.67		188		718		56		36.83		0		
豆粕		m1801-C-2650	171.5		171.5		162		164.5		181.5		170.5		-17		-11		0.61		36		844		-6		5.99		0		
豆粕		m1801-C-2700	141		145		134.5		136		154		144		-18		-10		0.55		180		2,012		58		25.04		0		
豆粕		m1801-C-2750	115		119		114		115		129.5		120.5		-14.5		-9		0.49		56		2,154		8		6.53		0		
豆粕		m1801-C-2800	100.5		101.5		94		96		108		99.5		-12		-8.5		0.43		88		1,570		40		8.48		0		
豆粕		m1801-C-2850	83.5		83.5		78.5		80		89		82		-9		-7		0.38		162		2,044		14		13.18		0		
豆粕		m1801-C-2900	71		71		66.5		67		73		66.5		-6		-6.5		0.32		434		2,960		130		29.57		0		
豆粕		m1801-C-2950	59		61		56		56.5		59		53.5		-2.5		-5.5		0.28		382		2,628		134		22.26		0		
豆粕		m1801-C-3000	51.5		51.5		48		48		47.5		43		0.5		-4.5		0.23		154		2,766		54		7.61		0		
豆粕		m1801-C-3050	41.5		42.5		40.5		41		38		34		3		-4		0.19		66		3,800		30		2.74		0		
豆粕		m1801-C-3100	34.5		36.5		33		33.5		30		26.5		3.5		-3.5		0.16		176		3,630		32		6.11		0		
豆粕		m1801-P-2450	35		36		34		34.5		32		34		2.5		2		-0.18		130		1,214		32		4.53		0		
豆粕		m1801-P-2500	45.5		45.5		43.5		45		43		46		2		3		-0.22		130		2,104		-42		5.8		0		
豆粕		m1801-P-2550	56		58.5		55		56.5		57		60.5		-0.5		3.5		-0.27		182		2,202		48		10.29		0		
豆粕		m1801-P-2600	72		75		71		71		73.5		77.5		-2.5		4		-0.33		206		2,882		10		14.92		0		
豆粕		m1801-P-2650	91.5		95		90		92.5		93		98		-0.5		5		-0.39		148		2,232		-52		13.61		0		
豆粕		m1801-P-2700	115		119		112.5		118		115		121		3		6		-0.45		126		2,148		24		14.72		0		
豆粕		m1801-P-2750	142.5		146		139		141.5		140.5		147		1		6.5		-0.5		84		1,650		-2		12.11		0		
豆粕		m1801-P-2800	168.5		176.5		168.5		171		168.5		176.5		2.5		8		-0.56		12		1,232		4		2.07		0		
豆粕		m1801-P-2850	209.5		209.5		203.5		205		199.5		208		5.5		8.5		-0.62		82		742		-28		16.91		0		
豆粕		m1801-P-2900	238.5		245.5		238.5		240		233		242.5		7		9.5		-0.67		58		438		-18		13.95		0		
豆粕		m1801-P-2950	278		281.5		278		281.5		269		279.5		12.5		10.5		-0.72		6		412		-2		1.68		0		
豆粕		m1801-P-3000	320		322		320		322		307		318.5		15		11.5		-0.76		8		486		4		2.56		0		
豆粕		m1801-P-3050	361.5		367.5		361.5		365		347		359		18		12		-0.8		16		540		-4		5.8		0		
豆粕		m1801-P-3100	404.5		409		404.5		409		389		401.5		20		12.5		-0.84		32		520		6		12.99		0		
豆粕		m1803-C-2450	0		0		0		298		310.5		298		-12.5		-12.5		0.75		0		0		0		0		0		
豆粕		m1803-C-2500	0		0		0		264		275		264		-11		-11		0.71		0		0		0		0		0		
豆粕		m1803-C-2550	0		0		0		232		242.5		232		-10.5		-10.5		0.66		0		22		0		0		0		
豆粕		m1803-C-2600	0		0		0		203		212.5		203		-9.5		-9.5		0.61		0		0		0		0		0		
豆粕		m1803-C-2650	0		0		0		176.5		184.5		176.5		-8		-8		0.56		0		210		0		0		0		
豆粕		m1803-C-2700	0		0		0		152.5		159.5		152.5		-7		-7		0.51		0		74		0		0		0		
豆粕		m1803-C-2750	0		0		0		131		137		131		-6		-6		0.47		0		80		0		0		0		
豆粕		m1803-C-2800	0		0		0		111.5		117		111.5		-5.5		-5.5		0.42		0		128		0		0		0		
豆粕		m1803-C-2850	0		0		0		94.5		99.5		94.5		-5		-5		0.37		0		184		0		0		0		
豆粕		m1803-C-2900	0		0		0		80		83.5		80		-3.5		-3.5		0.33		0		220		0		0		0		
豆粕		m1803-C-2950	0		0		0		67		70		67		-3		-3		0.29		0		240		0		0		0		
豆粕		m1803-C-3000	56		56		56		56		58.5		56		-2.5		-2.5		0.25		20		234		-20		1.12		0		
豆粕		m1803-C-3050	0		0		0		46		48.5		46		-2.5		-2.5		0.22		0		210		0		0		0		
豆粕		m1803-C-3100	0		0		0		38		40		38		-2		-2		0.19		0		350		0		0		0		
豆粕		m1803-P-2450	0		0		0		60.5		54		60.5		6.5		6.5		-0.24		0		120		0		0		0		
豆粕		m1803-P-2500	0		0		0		76.5		68.5		76.5		8		8		-0.28		0		102		0		0		0		
豆粕		m1803-P-2550	0		0		0		94.5		85.5		94.5		9		9		-0.33		0		234		0		0		0		
豆粕		m1803-P-2600	0		0		0		115		105		115		10		10		-0.38		0		200		0		0		0		
豆粕		m1803-P-2650	0		0		0		138		127		138		11		11		-0.43		0		178		0		0		0		
豆粕		m1803-P-2700	0		0		0		163.5		152		163.5		11.5		11.5		-0.48		0		110		0		0		0		
豆粕		m1803-P-2750	0		0		0		191.5		179		191.5		12.5		12.5		-0.53		0		80		0		0		0		
豆粕		m1803-P-2800	0		0		0		222		208.5		222		13.5		13.5		-0.57		0		80		0		0		0		
豆粕		m1803-P-2850	0		0		0		254.5		240.5		254.5		14		14		-0.62		0		80		0		0		0		
豆粕		m1803-P-2900	0		0		0		289.5		274.5		289.5		15		15		-0.66		0		120		0		0		0		
豆粕		m1803-P-2950	0		0		0		326		310.5		326		15.5		15.5		-0.71		0		80		0		0		0		
豆粕		m1803-P-3000	0		0		0		364.5		348.5		364.5		16		16		-0.74		0		88		0		0		0		
豆粕		m1803-P-3050	0		0		0		404.5		388		404.5		16.5		16.5		-0.78		0		100		0		0		0		
豆粕		m1803-P-3100	0		0		0		446		429		446		17		17		-0.81		0		80		0		0		0		
豆粕		m1805-C-2400	323		323		323		323		337		327.5		-14		-9.5		0.79		20		134		0		6.46		0		
豆粕		m1805-C-2450	285.5		290		285.5		289.5		300		292		-10.5		-8		0.74		12		110		4		3.46		0		
豆粕		m1805-C-2500	0		0		0		258		266		258		-8		-8		0.7		0		162		0		0		0		
豆粕		m1805-C-2550	226		226		226		226		234		227		-8		-7		0.65		10		148		8		2.26		0		
豆粕		m1805-C-2600	0		0		0		198.5		204.5		198.5		-6		-6		0.6		0		124		0		0		0		
豆粕		m1805-C-2650	171.5		173		170		173		178		172.5		-5		-5.5		0.55		92		710		28		15.88		0		
豆粕		m1805-C-2700	149		150.5		149		150.5		153.5		149		-3		-4.5		0.51		8		452		0		1.2		0		
豆粕		m1805-C-2750	0		0		0		128		131.5		128		-3.5		-3.5		0.46		0		284		0		0		0		
豆粕		m1805-C-2800	0		0		0		109		112.5		109		-3.5		-3.5		0.41		0		452		0		0		0		
豆粕		m1805-C-2850	98		99.5		98		99.5		95		92.5		4.5		-2.5		0.36		30		382		-20		2.96		0		
豆粕		m1805-C-2900	84		84		83		83		80		78		3		-2		0.32		8		594		0		0.67		0		
豆粕		m1805-C-2950	75		75		73.5		73.5		67		65.5		6.5		-1.5		0.28		52		398		-10		3.89		0		
豆粕		m1805-C-3000	64		65		62.5		63		56		54.5		7		-1.5		0.25		84		900		2		5.34		0		
豆粕		m1805-P-2400	45		47.5		45		47.5		45.5		50		2		4.5		-0.21		280		1,188		26		13.11		0		
豆粕		m1805-P-2450	60.5		61.5		59		61.5		58.5		64		3		5.5		-0.25		26		380		16		1.59		0		
豆粕		m1805-P-2500	77		77		75.5		75.5		73.5		80		2		6.5		-0.29		30		1,098		0		2.3		0		
豆粕		m1805-P-2550	96		96.5		93		96.5		91.5		98.5		5		7		-0.34		40		470		-6		3.82		0		
豆粕		m1805-P-2600	119		119		115		115		111.5		119.5		3.5		8		-0.39		8		506		-2		0.94		0		
豆粕		m1805-P-2650	142.5		142.5		142.5		142.5		134		143		8.5		9		-0.44		2		376		-2		0.29		0		
豆粕		m1805-P-2700	168		168		168		168		159.5		169		8.5		9.5		-0.49		20		348		20		3.36		0		
豆粕		m1805-P-2750	0		0		0		197.5		187		197.5		10.5		10.5		-0.53		0		128		0		0		0		
豆粕		m1805-P-2800	0		0		0		228		217.5		228		10.5		10.5		-0.58		0		82		0		0		0		
豆粕		m1805-P-2850	0		0		0		261		250		261		11		11		-0.63		0		122		0		0		0		
豆粕		m1805-P-2900	0		0		0		296		284.5		296		11.5		11.5		-0.67		0		154		0		0		0		
豆粕		m1805-P-2950	334.5		334.5		334.5		334.5		321		333		13.5		12		-0.71		20		174		-20		6.69		0		
豆粕		m1805-P-3000	381.5		381.5		377		379		359		372		20		13		-0.75		42		190		18		15.88		0		
豆粕小计																					24,846		198,926		2,492		1,740.35	1		
总计																						24,846		198,926		2,492		1,740.35	1		
隐含波动率参考值	
合约系列	隐含波动率(%)	
m1708		17.33		
m1709		19.34		
m1711		17.14		
m1712		17.17		
m1801		18.1		
m1803		18.35		
m1805		16.68		
