商品名称	合约名称	开盘价		最高价		最低价		收盘价		前结算价	结算价		涨跌		涨跌1		Delta		成交量		持仓量		持仓量变化	成交额		行权量		
豆粕		m1708-C-2400	0		0		0		252		247		252		5		5		1		0		0		0		0		0		
豆粕		m1708-C-2450	0		0		0		202		197		202		5		5		1		0		40		0		0		0		
豆粕		m1708-C-2500	0		0		0		152.5		147		152.5		5.5		5.5		0.98		0		32		0		0		0		
豆粕		m1708-C-2550	0		0		0		105		100		105		5		5		0.91		0		82		0		0		0		
豆粕		m1708-C-2600	0		0		0		63.5		58.5		63.5		5		5		0.75		0		218		0		0		0		
豆粕		m1708-C-2650	30.5		30.5		28		28		28		32.5		0		4.5		0.52		22		158		18		0.67		0		
豆粕		m1708-C-2700	15		15.5		12.5		12.5		10		13.5		2.5		3.5		0.28		94		400		94		1.32		0		
豆粕		m1708-C-2750	0		0		0		4		2.5		4		1.5		1.5		0.11		0		358		0		0		0		
豆粕		m1708-C-2800	0		0		0		1		0.5		1		0.5		0.5		0.03		0		426		0		0		0		
豆粕		m1708-C-2850	0		0		0		0.5		0.5		0.5		0		0		0.02		0		534		0		0		0		
豆粕		m1708-C-2900	0		0		0		0.5		0.5		0.5		0		0		0.01		0		306		0		0		0		
豆粕		m1708-C-2950	1		1		1		1		0.5		0.5		0.5		0		0.01		10		264		-10		0.01		0		
豆粕		m1708-C-3000	0		0		0		0.5		0.5		0.5		0		0		0.01		0		308		0		0		0		
豆粕		m1708-C-3050	0.5		0.5		0.5		0.5		0.5		0.5		0		0		0.01		20		312		0		0.01		0		
豆粕		m1708-C-3100	0		0		0		0.5		0.5		0.5		0		0		0.01		0		342		0		0		0		
豆粕		m1708-P-2400	0		0		0		0.5		0.5		0.5		0		0		-0.01		0		66		0		0		0		
豆粕		m1708-P-2450	0		0		0		0.5		0.5		0.5		0		0		-0.01		0		84		0		0		0		
豆粕		m1708-P-2500	1.5		1.5		1		1		0.5		0.5		0.5		0		-0.02		42		598		38		0.05		0		
豆粕		m1708-P-2550	3		3		2		2		3		3		-1		0		-0.08		42		652		42		0.11		0		
豆粕		m1708-P-2600	9		9.5		7.5		7.5		11.5		12		-4		0.5		-0.25		30		754		24		0.24		0		
豆粕		m1708-P-2650	27.5		27.5		24		26		31		30.5		-5		-0.5		-0.48		62		484		-40		1.64		0		
豆粕		m1708-P-2700	61		61		56.5		57		63		61.5		-6		-1.5		-0.72		62		232		-18		3.61		0		
豆粕		m1708-P-2750	99		99		99		99		105.5		102		-6.5		-3.5		-0.89		20		142		20		1.98		0		
豆粕		m1708-P-2800	0		0		0		149		153.5		149		-4.5		-4.5		-0.97		0		176		0		0		0		
豆粕		m1708-P-2850	0		0		0		198		203		198		-5		-5		-1		0		170		0		0		0		
豆粕		m1708-P-2900	0		0		0		248		253		248		-5		-5		-1		0		136		0		0		0		
豆粕		m1708-P-2950	0		0		0		298		303		298		-5		-5		-1		0		96		0		0		0		
豆粕		m1708-P-3000	0		0		0		348		353		348		-5		-5		-1		0		60		0		0		0		
豆粕		m1708-P-3050	0		0		0		398		403		398		-5		-5		-1		0		42		0		0		0		
豆粕		m1708-P-3100	0		0		0		448		453		448		-5		-5		-1		0		2		0		0		0		
豆粕		m1709-C-2400	259.5		268.5		256		267		253.5		263		13.5		9.5		0.95		78		616		6		20.74		0		
豆粕		m1709-C-2450	214		222		214		220.5		208		217		12.5		9		0.91		30		556		0		6.56		0		
豆粕		m1709-C-2500	165		176.5		164		173		165.5		174		7.5		8.5		0.84		64		960		-14		11.05		0		
豆粕		m1709-C-2550	128		135		124		134		127.5		135		6.5		7.5		0.76		204		1,084		22		26.51		0		
豆粕		m1709-C-2600	93.5		100		91		97.5		94.5		101		3		6.5		0.65		278		1,668		14		26.71		0		
豆粕		m1709-C-2650	66		71.5		65		71		67		72.5		4		5.5		0.54		592		3,870		110		40.65		0		
豆粕		m1709-C-2700	46.5		50.5		45		49		46		50		3		4		0.42		1,222		5,238		-182		59.09		0		
豆粕		m1709-C-2750	32		35.5		31.5		34		30		33		4		3		0.31		482		7,718		-68		16.11		0		
豆粕		m1709-C-2800	23		25		22		23.5		18.5		20.5		5		2		0.22		574		7,388		102		13.74		0		
豆粕		m1709-C-2850	16.5		18		16		16.5		11		12.5		5.5		1.5		0.15		550		13,788		-102		9.28		0		
豆粕		m1709-C-2900	12.5		13		11.5		12		6		7		6		1		0.09		174		8,112		-54		2.15		0		
豆粕		m1709-C-2950	9		9		8		8.5		3		3.5		5.5		0.5		0.05		320		6,534		-184		2.73		0		
豆粕		m1709-C-3000	7.5		7.5		6.5		7		1.5		2		5.5		0.5		0.03		386		10,916		-148		2.77		0		
豆粕		m1709-C-3050	5		5		4		4.5		0.5		1		4		0.5		0.02		478		3,774		-106		2.14		0		
豆粕		m1709-C-3100	4		4.5		3.5		3.5		0.5		0.5		3		0		0.01		330		5,934		98		1.3		0		
豆粕		m1709-P-2400	3		3		3		3		4		3.5		-1		-0.5		-0.05		104		1,514		-36		0.31		0		
豆粕		m1709-P-2450	5		5.5		4.5		5		8.5		7.5		-3.5		-1		-0.09		174		966		60		0.92		0		
豆粕		m1709-P-2500	9.5		11.5		8.5		8.5		16		14.5		-7.5		-1.5		-0.16		984		5,194		6		9.3		0		
豆粕		m1709-P-2550	19		22		17		17		27.5		25		-10.5		-2.5		-0.24		946		5,162		76		18.16		0		
豆粕		m1709-P-2600	33		37.5		30.5		30.5		44.5		41		-14		-3.5		-0.35		814		8,222		62		27.63		0		
豆粕		m1709-P-2650	57		61.5		50		53		67		62.5		-14		-4.5		-0.46		1,156		8,464		60		66.3		0		
豆粕		m1709-P-2700	87.5		91		80.5		80.5		95.5		90		-15		-5.5		-0.58		398		5,826		-164		33.7		0		
豆粕		m1709-P-2750	124		127.5		115		115		129.5		123		-14.5		-6.5		-0.69		164		5,152		-38		19.64		0		
豆粕		m1709-P-2800	165		168		156		156		168.5		160.5		-12.5		-8		-0.78		156		2,150		-70		25.24		0		
豆粕		m1709-P-2850	207.5		212.5		198		198		210.5		202		-12.5		-8.5		-0.85		174		2,398		-12		35.74		0		
豆粕		m1709-P-2900	257		257		246		248		256		247		-8		-9		-0.91		48		890		4		12.04		0		
豆粕		m1709-P-2950	302		302		292.5		294		303		293.5		-9		-9.5		-0.95		30		614		-28		8.98		0		
豆粕		m1709-P-3000	351		351		341.5		344.5		351.5		342		-7		-9.5		-0.97		26		732		0		8.99		0		
豆粕		m1709-P-3050	399		400		387		387		400.5		391		-13.5		-9.5		-0.99		48		784		24		18.88		0		
豆粕		m1709-P-3100	448.5		448.5		437		441.5		450.5		440.5		-9		-10		-0.86		58		698		10		25.74		0		
豆粕		m1711-C-2400	0		0		0		275		274		275		1		1		0.84		0		28		0		0		0		
豆粕		m1711-C-2450	0		0		0		235.5		232.5		235.5		3		3		0.79		0		20		0		0		0		
豆粕		m1711-C-2500	0		0		0		199		193.5		199		5.5		5.5		0.73		0		40		0		0		0		
豆粕		m1711-C-2550	0		0		0		166		158.5		166		7.5		7.5		0.67		0		12		0		0		0		
豆粕		m1711-C-2600	0		0		0		136		127.5		136		8.5		8.5		0.6		0		40		0		0		0		
豆粕		m1711-C-2650	0		0		0		110.5		100.5		110.5		10		10		0.52		0		52		0		0		0		
豆粕		m1711-C-2700	81.5		81.5		81.5		81.5		77.5		88		4		10.5		0.45		20		134		-20		1.63		0		
豆粕		m1711-C-2750	0		0		0		69		58.5		69		10.5		10.5		0.38		0		156		0		0		0		
豆粕		m1711-C-2800	0		0		0		53.5		43.5		53.5		10		10		0.32		0		160		0		0		0		
豆粕		m1711-C-2850	41.5		41.5		41.5		41.5		31.5		41		10		9.5		0.26		20		122		20		0.83		0		
豆粕		m1711-C-2900	0		0		0		30.5		22.5		30.5		8		8		0.21		0		260		0		0		0		
豆粕		m1711-C-2950	28.5		28.5		28.5		28.5		15.5		22.5		13		7		0.16		20		396		20		0.57		0		
豆粕		m1711-C-3000	23		23		23		23		10.5		16.5		12.5		6		0.13		20		608		0		0.46		0		
豆粕		m1711-C-3050	0		0		0		12		7		12		5		5		0.1		0		442		0		0		0		
豆粕		m1711-C-3100	0		0		0		8.5		4.5		8.5		4		4		0.07		0		328		0		0		0		
豆粕		m1711-P-2400	0		0		0		23		14		23		9		9		-0.15		0		140		0		0		0		
豆粕		m1711-P-2450	24		24		24		24		22		33		2		11		-0.2		20		82		20		0.48		0		
豆粕		m1711-P-2500	0		0		0		46.5		33.5		46.5		13		13		-0.26		0		80		0		0		0		
豆粕		m1711-P-2550	0		0		0		63		48		63		15		15		-0.33		0		88		0		0		0		
豆粕		m1711-P-2600	0		0		0		83.5		66.5		83.5		17		17		-0.4		0		222		0		0		0		
豆粕		m1711-P-2650	0		0		0		107.5		89.5		107.5		18		18		-0.47		0		236		0		0		0		
豆粕		m1711-P-2700	0		0		0		135		116.5		135		18.5		18.5		-0.55		0		124		0		0		0		
豆粕		m1711-P-2750	0		0		0		166		147.5		166		18.5		18.5		-0.61		0		198		0		0		0		
豆粕		m1711-P-2800	0		0		0		200		182		200		18		18		-0.68		0		136		0		0		0		
豆粕		m1711-P-2850	0		0		0		237		220		237		17		17		-0.74		0		96		0		0		0		
豆粕		m1711-P-2900	0		0		0		277		260.5		277		16.5		16.5		-0.79		0		60		0		0		0		
豆粕		m1711-P-2950	0		0		0		318.5		303.5		318.5		15		15		-0.84		0		60		0		0		0		
豆粕		m1711-P-3000	0		0		0		362.5		348.5		362.5		14		14		-0.87		0		60		0		0		0		
豆粕		m1711-P-3050	0		0		0		407.5		395		407.5		12.5		12.5		-0.9		0		44		0		0		0		
豆粕		m1711-P-3100	0		0		0		454		442.5		454		11.5		11.5		-0.93		0		20		0		0		0		
豆粕		m1712-C-2450	0		0		0		243.5		250		243.5		-6.5		-6.5		0.8		0		0		0		0		0		
豆粕		m1712-C-2500	0		0		0		206.5		213		206.5		-6.5		-6.5		0.74		0		20		0		0		0		
豆粕		m1712-C-2550	0		0		0		173		179		173		-6		-6		0.68		0		4		0		0		0		
豆粕		m1712-C-2600	0		0		0		143		149		143		-6		-6		0.61		0		2		0		0		0		
豆粕		m1712-C-2650	0		0		0		116.5		122		116.5		-5.5		-5.5		0.54		0		82		0		0		0		
豆粕		m1712-C-2700	0		0		0		93.5		98.5		93.5		-5		-5		0.46		0		156		0		0		0		
豆粕		m1712-C-2750	0		0		0		74		78.5		74		-4.5		-4.5		0.4		0		220		0		0		0		
豆粕		m1712-C-2800	0		0		0		57.5		62		57.5		-4.5		-4.5		0.33		0		340		0		0		0		
豆粕		m1712-C-2850	0		0		0		44		48		44		-4		-4		0.27		0		200		0		0		0		
豆粕		m1712-C-2900	0		0		0		33.5		36.5		33.5		-3		-3		0.22		0		164		0		0		0		
豆粕		m1712-C-2950	0		0		0		25		27.5		25		-2.5		-2.5		0.17		0		150		0		0		0		
豆粕		m1712-C-3000	0		0		0		18.5		20.5		18.5		-2		-2		0.14		0		376		0		0		0		
豆粕		m1712-C-3050	0		0		0		13.5		15		13.5		-1.5		-1.5		0.11		0		262		0		0		0		
豆粕		m1712-C-3100	0		0		0		9.5		11		9.5		-1.5		-1.5		0.08		0		378		0		0		0		
豆粕		m1712-C-3150	13		13		13		13		8		6.5		5		-1.5		0.06		2		220		0		0.03		0		
豆粕		m1712-P-2450	30.5		30.5		30.5		30.5		32.5		32		-2		-0.5		-0.2		20		64		20		0.61		0		
豆粕		m1712-P-2500	0		0		0		45		45.5		45		-0.5		-0.5		-0.26		0		80		0		0		0		
豆粕		m1712-P-2550	0		0		0		61.5		61.5		61.5		0		0		-0.32		0		166		0		0		0		
豆粕		m1712-P-2600	0		0		0		81		81		81		0		0		-0.39		0		206		0		0		0		
豆粕		m1712-P-2650	0		0		0		104.5		104		104.5		0.5		0.5		-0.46		0		104		0		0		0		
豆粕		m1712-P-2700	0		0		0		131		130.5		131		0.5		0.5		-0.53		0		146		0		0		0		
豆粕		m1712-P-2750	0		0		0		161.5		160.5		161.5		1		1		-0.6		0		186		0		0		0		
豆粕		m1712-P-2800	0		0		0		195		193.5		195		1.5		1.5		-0.66		0		150		0		0		0		
豆粕		m1712-P-2850	0		0		0		231.5		229.5		231.5		2		2		-0.72		0		90		0		0		0		
豆粕		m1712-P-2900	0		0		0		270.5		268		270.5		2.5		2.5		-0.78		0		80		0		0		0		
豆粕		m1712-P-2950	0		0		0		312		308.5		312		3.5		3.5		-0.82		0		100		0		0		0		
豆粕		m1712-P-3000	0		0		0		355		351.5		355		3.5		3.5		-0.86		0		100		0		0		0		
豆粕		m1712-P-3050	0		0		0		400		396		400		4		4		-0.89		0		84		0		0		0		
豆粕		m1712-P-3100	0		0		0		446		441.5		446		4.5		4.5		-0.92		0		84		0		0		0		
豆粕		m1712-P-3150	497		497		497		497		488.5		493		8.5		4.5		-0.94		2		62		2		0.99		0		
豆粕		m1801-C-2450	274.5		281.5		274.5		281.5		269.5		280.5		12		11		0.79		24		368		0		6.61		0		
豆粕		m1801-C-2500	239		246.5		239		242.5		233.5		244.5		9		11		0.74		82		538		30		19.87		0		
豆粕		m1801-C-2550	207		209.5		207		207		200.5		211.5		6.5		11		0.68		12		472		10		2.5		0		
豆粕		m1801-C-2600	172.5		181.5		172.5		181		170.5		181		10.5		10.5		0.63		348		1,082		242		62.52		0		
豆粕		m1801-C-2650	145.5		152		145.5		152		143		153.5		9		10.5		0.57		82		1,044		8		12.25		0		
豆粕		m1801-C-2700	145		145		121.5		128		119		129		9		10		0.51		632		2,790		22		79.7		0		
豆粕		m1801-C-2750	102.5		106.5		101		106.5		98.5		107.5		8		9		0.45		304		2,388		80		31.96		0		
豆粕		m1801-C-2800	87.5		89		87		88.5		80		89		8.5		9		0.4		248		1,798		166		21.88		0		
豆粕		m1801-C-2850	74		74.5		73		74		64.5		72.5		9.5		8		0.34		134		2,032		28		9.89		0		
豆粕		m1801-C-2900	61		64		60		64		52		59		12		7		0.29		934		3,020		-44		57.65		0		
豆粕		m1801-C-2950	51.5		54.5		51		54.5		41		47.5		13.5		6.5		0.25		614		2,790		-74		32.59		0		
豆粕		m1801-C-3000	44		46.5		43		46		32		37.5		14		5.5		0.21		138		2,598		-62		6.16		0		
豆粕		m1801-C-3050	37		39		36.5		39		25		30		14		5		0.17		130		3,748		-46		4.91		0		
豆粕		m1801-C-3100	32.5		32.5		31		32.5		19		23.5		13.5		4.5		0.14		160		4,022		44		5.12		0		
豆粕		m1801-P-2450	41		42		40.5		42		41		43		1		2		-0.21		104		1,630		38		4.29		0		
豆粕		m1801-P-2500	53.5		54.5		51.5		54.5		54.5		56.5		0		2		-0.26		250		2,538		52		13.39		0		
豆粕		m1801-P-2550	67.5		68		66		68		71		73		-3		2		-0.31		128		2,082		-46		8.56		0		
豆粕		m1801-P-2600	86.5		87		84		87		90.5		92.5		-3.5		2		-0.37		196		2,932		68		16.89		0		
豆粕		m1801-P-2650	106		109		106		108.5		113.5		115		-5		1.5		-0.43		396		2,358		52		42.59		0		
豆粕		m1801-P-2700	135.5		136		130		133.5		139		140		-5.5		1		-0.49		112		2,222		16		14.91		0		
豆粕		m1801-P-2750	165		165		160.5		164.5		168		168.5		-3.5		0.5		-0.54		72		1,624		-14		11.76		0		
豆粕		m1801-P-2800	196		197		194		195.5		199.5		199.5		-4		0		-0.6		22		1,196		4		4.32		0		
豆粕		m1801-P-2850	229.5		231		229.5		229.5		234		233		-4.5		-1		-0.65		18		674		-10		4.17		0		
豆粕		m1801-P-2900	270		270		269.5		269.5		270.5		269		-1		-1.5		-0.7		40		434		0		10.79		0		
豆粕		m1801-P-2950	316.5		316.5		307.5		307.5		309.5		307		-2		-2.5		-0.75		68		432		20		21.14		0		
豆粕		m1801-P-3000	349		350.5		349		350.5		350.5		347		0		-3.5		-0.79		4		488		2		1.4		0		
豆粕		m1801-P-3050	393.5		395.5		393.5		395		393		389		2		-4		-0.82		44		584		38		17.39		0		
豆粕		m1801-P-3100	0		0		0		432.5		437.5		432.5		-5		-5		-0.86		0		488		0		0		0		
豆粕		m1803-C-2400	0		0		0		291		305		291		-14		-14		0.79		0		0		0		0		0		
豆粕		m1803-C-2450	0		0		0		254.5		268.5		254.5		-14		-14		0.74		0		0		0		0		0		
豆粕		m1803-C-2500	0		0		0		221		234.5		221		-13.5		-13.5		0.69		0		0		0		0		0		
豆粕		m1803-C-2550	0		0		0		190		203		190		-13		-13		0.64		0		22		0		0		0		
豆粕		m1803-C-2600	0		0		0		162		174.5		162		-12.5		-12.5		0.58		0		0		0		0		0		
豆粕		m1803-C-2650	0		0		0		137		149		137		-12		-12		0.52		0		210		0		0		0		
豆粕		m1803-C-2700	0		0		0		115		126		115		-11		-11		0.47		0		94		0		0		0		
豆粕		m1803-C-2750	0		0		0		95.5		106		95.5		-10.5		-10.5		0.41		0		80		0		0		0		
豆粕		m1803-C-2800	0		0		0		79		88.5		79		-9.5		-9.5		0.36		0		128		0		0		0		
豆粕		m1803-C-2850	0		0		0		64.5		73		64.5		-8.5		-8.5		0.31		0		184		0		0		0		
豆粕		m1803-C-2900	0		0		0		52		60		52		-8		-8		0.26		0		220		0		0		0		
豆粕		m1803-C-2950	0		0		0		42		49		42		-7		-7		0.22		0		240		0		0		0		
豆粕		m1803-C-3000	0		0		0		33.5		39.5		33.5		-6		-6		0.19		0		234		0		0		0		
豆粕		m1803-C-3050	0		0		0		26.5		31.5		26.5		-5		-5		0.16		0		210		0		0		0		
豆粕		m1803-C-3100	0		0		0		20.5		25		20.5		-4.5		-4.5		0.13		0		350		0		0		0		
豆粕		m1803-P-2400	42		42		42		42		42.5		42		-0.5		-0.5		-0.2		20		20		0		0.84		0		
豆粕		m1803-P-2450	0		0		0		55		56		55		-1		-1		-0.25		0		140		0		0		0		
豆粕		m1803-P-2500	0		0		0		71		71.5		71		-0.5		-0.5		-0.3		0		102		0		0		0		
豆粕		m1803-P-2550	0		0		0		90		90		90		0		0		-0.36		0		234		0		0		0		
豆粕		m1803-P-2600	0		0		0		111.5		111		111.5		0.5		0.5		-0.41		0		200		0		0		0		
豆粕		m1803-P-2650	0		0		0		136		135		136		1		1		-0.47		0		178		0		0		0		
豆粕		m1803-P-2700	0		0		0		163.5		162		163.5		1.5		1.5		-0.53		0		110		0		0		0		
豆粕		m1803-P-2750	0		0		0		194		191.5		194		2.5		2.5		-0.58		0		80		0		0		0		
豆粕		m1803-P-2800	0		0		0		226.5		223.5		226.5		3		3		-0.63		0		80		0		0		0		
豆粕		m1803-P-2850	0		0		0		262		257.5		262		4.5		4.5		-0.68		0		80		0		0		0		
豆粕		m1803-P-2900	0		0		0		299.5		294.5		299.5		5		5		-0.73		0		120		0		0		0		
豆粕		m1803-P-2950	0		0		0		339		333		339		6		6		-0.77		0		80		0		0		0		
豆粕		m1803-P-3000	0		0		0		380		373		380		7		7		-0.81		0		88		0		0		0		
豆粕		m1803-P-3050	0		0		0		423		415		423		8		8		-0.84		0		100		0		0		0		
豆粕		m1803-P-3100	0		0		0		467		458.5		467		8.5		8.5		-0.87		0		80		0		0		0		
豆粕		m1805-C-2400	305		305		305		305		303.5		309		1.5		5.5		0.75		14		196		14		4.27		0		
豆粕		m1805-C-2450	0		0		0		275		269.5		275		5.5		5.5		0.71		0		198		0		0		0		
豆粕		m1805-C-2500	238		242		238		241.5		238.5		243.5		3		5		0.67		180		566		160		43.25		0		
豆粕		m1805-C-2550	0		0		0		214.5		209.5		214.5		5		5		0.62		0		148		0		0		0		
豆粕		m1805-C-2600	185.5		186		185.5		186		183		187.5		3		4.5		0.57		30		138		-6		5.57		0		
豆粕		m1805-C-2650	165		165		165		165		159		163		6		4		0.52		2		690		-2		0.33		0		
豆粕		m1805-C-2700	141.5		141.5		141.5		141.5		137.5		141.5		4		4		0.48		20		474		0		2.83		0		
豆粕		m1805-C-2750	120.5		125		120.5		124.5		118		121.5		6.5		3.5		0.43		52		322		20		6.43		0		
豆粕		m1805-C-2800	108		108		108		108		101		104		7		3		0.39		20		566		0		2.16		0		
豆粕		m1805-C-2850	91		95		89		94.5		86		88.5		8.5		2.5		0.34		24		456		22		2.18		0		
豆粕		m1805-C-2900	80		84.5		77.5		83.5		72.5		75		11		2.5		0.31		316		658		42		26.09		0		
豆粕		m1805-C-2950	70		71.5		68.5		71.5		61		63.5		10.5		2.5		0.27		20		422		6		1.41		0		
豆粕		m1805-C-3000	62.5		65.5		61		65		51		53		14		2		0.23		196		1,110		126		12.58		0		
豆粕		m1805-P-2400	55		57.5		55		56		64.5		63		-8.5		-1.5		-0.24		276		1,642		194		15.56		0		
豆粕		m1805-P-2450	71.5		74		71.5		74		80.5		79		-6.5		-1.5		-0.28		46		412		0		3.35		0		
豆粕		m1805-P-2500	89.5		92		89		92		98.5		97		-6.5		-1.5		-0.33		248		1,294		152		22.38		0		
豆粕		m1805-P-2550	110		112		110		112		119.5		117		-7.5		-2.5		-0.37		4		456		2		0.44		0		
豆粕		m1805-P-2600	133		136		133		136		142.5		140		-6.5		-2.5		-0.42		6		510		0		0.8		0		
豆粕		m1805-P-2650	160.5		160.5		160.5		160.5		168		165		-7.5		-3		-0.47		4		386		0		0.64		0		
豆粕		m1805-P-2700	191		191		191		191		196		193		-5		-3		-0.51		20		350		-20		3.82		0		
豆粕		m1805-P-2750	223.5		223.5		223.5		223.5		226		222.5		-2.5		-3.5		-0.56		2		130		0		0.45		0		
豆粕		m1805-P-2800	255.5		255.5		255.5		255.5		258.5		254.5		-3		-4		-0.6		20		84		0		5.11		0		
豆粕		m1805-P-2850	292.5		292.5		292.5		292.5		293		289		-0.5		-4		-0.65		2		126		-2		0.59		0		
豆粕		m1805-P-2900	0		0		0		325		329.5		325		-4.5		-4.5		-0.69		0		172		0		0		0		
豆粕		m1805-P-2950	0		0		0		362.5		367.5		362.5		-5		-5		-0.72		0		166		0		0		0		
豆粕		m1805-P-3000	0		0		0		402		407		402		-5		-5		-0.76		0		180		0		0		0		
豆粕小计																					18,388		207,004		1,010		1,254.6		0		
总计																						18,388		207,004		1,010		1,254.6		0		
隐含波动率参考值	
合约系列	隐含波动率(%)	
m1708		18.1		
m1709		19.1		
m1711		19.03		
m1712		17.36		
m1801		18.89		
m1803		16.35		
m1805		17.7		
