商品名称	合约名称	开盘价		最高价		最低价		收盘价		前结算价	结算价		涨跌		涨跌1		Delta		成交量		持仓量		持仓量变化	成交额		行权量		
豆粕		m1709-C-2400	0		0		0		404		422		404		-18		-18		1		0		254		0		0		0		
豆粕		m1709-C-2450	0		0		0		354		372		354		-18		-18		1		0		202		0		0		0		
豆粕		m1709-C-2500	287.5		319.5		287.5		314		322		304		-8		-18		1		70		450		14		22.2		0		
豆粕		m1709-C-2550	239		270		239		263		272		254		-9		-18		1		88		508		12		22.77		0		
豆粕		m1709-C-2600	190.5		221		190		215		222		204		-7		-18		1		244		646		-96		51.97		0		
豆粕		m1709-C-2650	142.5		172		130.5		164.5		173		155.5		-8.5		-17.5		0.96		112		1,078		-4		17.96		0		
豆粕		m1709-C-2700	95.5		123.5		85		118		126		109.5		-8		-16.5		0.88		346		1,788		-10		37.37		0		
豆粕		m1709-C-2750	57.5		80.5		37.5		74		83.5		69.5		-9.5		-14		0.73		718		2,340		-32		46.05		0		
豆粕		m1709-C-2800	35		66		20		40		49.5		38.5		-9.5		-11		0.52		1,174		2,952		36		43.24		0		
豆粕		m1709-C-2850	12		21		10		18.5		25.5		18.5		-7		-7		0.32		2,210		6,726		246		34.69		0		
豆粕		m1709-C-2900	8		8.5		4		7		11		7		-4		-4		0.15		1,174		6,792		-226		6.67		0		
豆粕		m1709-C-2950	3.5		4		2		3.5		4		2.5		-0.5		-1.5		0.06		714		6,192		-42		2.07		0		
豆粕		m1709-C-3000	2		2		0.5		1		1		0.5		0		-0.5		0.02		394		7,898		206		0.52		0		
豆粕		m1709-C-3050	1		1		0.5		1		0.5		0.5		0.5		0		0.01		80		3,498		-10		0.07		0		
豆粕		m1709-C-3100	1		1		0.5		0.5		0.5		0.5		0		0		0.01		140		6,310		-138		0.08		0		
豆粕		m1709-C-3150	0.5		1		0.5		1		0.5		0.5		0.5		0		0.01		336		2,168		-242		0.18		0		
豆粕		m1709-P-2400	0		0		0		0.5		0.5		0.5		0		0		-0.01		0		1,746		0		0		0		
豆粕		m1709-P-2450	0		0		0		0.5		0.5		0.5		0		0		-0.01		0		982		0		0		0		
豆粕		m1709-P-2500	0		0		0		0.5		0.5		0.5		0		0		-0.01		0		4,552		0		0		0		
豆粕		m1709-P-2550	0		0		0		0.5		0.5		0.5		0		0		-0.01		0		3,380		0		0		0		
豆粕		m1709-P-2600	1.5		1.5		0.5		0.5		0.5		0.5		0		0		-0.01		270		5,632		-140		0.16		0		
豆粕		m1709-P-2650	3		3		1		1		1		1.5		0		0.5		-0.04		372		5,842		-48		0.65		0		
豆粕		m1709-P-2700	8		8		3		3		4		5.5		-1		1.5		-0.12		1,106		6,666		-146		5.46		0		
豆粕		m1709-P-2750	19		19		8.5		9		11.5		15.5		-2.5		4		-0.27		1,906		6,772		-256		26.53		0		
豆粕		m1709-P-2800	39		45		23.5		24.5		27.5		34.5		-3		7		-0.48		1,314		3,918		-80		41.45		0		
豆粕		m1709-P-2850	73.5		91.5		50		52.5		53.5		64.5		-1		11		-0.68		600		2,940		-2		38.25		0		
豆粕		m1709-P-2900	116.5		138		62		92.5		89		103		3.5		14		-0.85		242		866		-18		24.84		0		
豆粕		m1709-P-2950	165		186		134		137		132		148.5		5		16.5		-0.94		264		486		-24		39.24		0		
豆粕		m1709-P-3000	235.5		236		183		187		179		196.5		8		17.5		-0.99		60		602		-18		11.95		0		
豆粕		m1709-P-3050	284.5		288		231		236.5		228.5		246		8		17.5		-1		56		478		-4		13.54		0		
豆粕		m1709-P-3100	334.5		334.5		279		283.5		278		296		5.5		18		-1		22		478		-6		6.55		0		
豆粕		m1709-P-3150	330.5		330.5		330.5		330.5		328		346		2.5		18		-1		2		138		0		0.66		0		
豆粕		m1711-C-2400	0		0		0		422		447.5		422		-25.5		-25.5		0.96		0		28		0		0		0		
豆粕		m1711-C-2450	0		0		0		375		400		375		-25		-25		0.94		0		48		0		0		0		
豆粕		m1711-C-2500	0		0		0		329.5		354		329.5		-24.5		-24.5		0.91		0		40		0		0		0		
豆粕		m1711-C-2550	0		0		0		286		310		286		-24		-24		0.87		0		16		0		0		0		
豆粕		m1711-C-2600	0		0		0		245		268		245		-23		-23		0.82		0		90		0		0		0		
豆粕		m1711-C-2650	0		0		0		207		228.5		207		-21.5		-21.5		0.76		0		92		0		0		0		
豆粕		m1711-C-2700	0		0		0		172.5		192.5		172.5		-20		-20		0.69		0		110		0		0		0		
豆粕		m1711-C-2750	0		0		0		141.5		159.5		141.5		-18		-18		0.62		0		128		0		0		0		
豆粕		m1711-C-2800	0		0		0		114		130.5		114		-16.5		-16.5		0.55		0		160		0		0		0		
豆粕		m1711-C-2850	0		0		0		90.5		105		90.5		-14.5		-14.5		0.47		0		162		0		0		0		
豆粕		m1711-C-2900	60		70		60		70		83		70.5		-13		-12.5		0.4		42		290		4		2.8		0		
豆粕		m1711-C-2950	55		55		55		55		65		54		-10		-11		0.33		20		306		-16		1.1		0		
豆粕		m1711-C-3000	0		0		0		41		49.5		41		-8.5		-8.5		0.27		0		562		0		0		0		
豆粕		m1711-C-3050	37.5		37.5		37.5		37.5		37.5		30		0		-7.5		0.21		20		406		0		0.75		0		
豆粕		m1711-C-3100	0		0		0		22		28		22		-6		-6		0.16		0		382		0		0		0		
豆粕		m1711-C-3150	22		22		22		22		20.5		15.5		1.5		-5		0.12		20		128		-20		0.44		0		
豆粕		m1711-P-2400	0		0		0		4		3.5		4		0.5		0.5		-0.04		0		172		0		0		0		
豆粕		m1711-P-2450	0		0		0		7		6		7		1		1		-0.06		0		110		0		0		0		
豆粕		m1711-P-2500	0		0		0		11.5		10		11.5		1.5		1.5		-0.09		0		60		0		0		0		
豆粕		m1711-P-2550	0		0		0		18		15.5		18		2.5		2.5		-0.13		0		88		0		0		0		
豆粕		m1711-P-2600	19.5		19.5		19.5		19.5		23.5		27		-4		3.5		-0.18		20		200		-20		0.39		0		
豆粕		m1711-P-2650	0		0		0		38.5		34		38.5		4.5		4.5		-0.24		0		236		0		0		0		
豆粕		m1711-P-2700	0		0		0		54		48		54		6		6		-0.3		0		230		0		0		0		
豆粕		m1711-P-2750	0		0		0		72.5		65		72.5		7.5		7.5		-0.38		0		182		0		0		0		
豆粕		m1711-P-2800	0		0		0		95		85.5		95		9.5		9.5		-0.45		0		116		0		0		0		
豆粕		m1711-P-2850	0		0		0		121.5		110		121.5		11.5		11.5		-0.53		0		104		0		0		0		
豆粕		m1711-P-2900	0		0		0		151.5		138		151.5		13.5		13.5		-0.6		0		62		0		0		0		
豆粕		m1711-P-2950	0		0		0		185		169.5		185		15.5		15.5		-0.67		0		60		0		0		0		
豆粕		m1711-P-3000	0		0		0		221.5		204.5		221.5		17		17		-0.73		0		60		0		0		0		
豆粕		m1711-P-3050	0		0		0		260.5		242		260.5		18.5		18.5		-0.79		0		44		0		0		0		
豆粕		m1711-P-3100	0		0		0		302.5		282.5		302.5		20		20		-0.83		0		20		0		0		0		
豆粕		m1711-P-3150	0		0		0		346		324.5		346		21.5		21.5		-0.87		0		12		0		0		0		
豆粕		m1712-C-2450	0		0		0		396		388.5		396		7.5		7.5		0.92		0		52		0		0		0		
豆粕		m1712-C-2500	0		0		0		352		343.5		352		8.5		8.5		0.88		0		20		0		0		0		
豆粕		m1712-C-2550	0		0		0		310		301		310		9		9		0.84		0		4		0		0		0		
豆粕		m1712-C-2600	0		0		0		270.5		260		270.5		10.5		10.5		0.8		0		24		0		0		0		
豆粕		m1712-C-2650	0		0		0		234		222.5		234		11.5		11.5		0.75		0		82		0		0		0		
豆粕		m1712-C-2700	0		0		0		200		188		200		12		12		0.69		0		160		0		0		0		
豆粕		m1712-C-2750	0		0		0		169		156.5		169		12.5		12.5		0.63		0		156		0		0		0		
豆粕		m1712-C-2800	0		0		0		141.5		128.5		141.5		13		13		0.56		0		248		0		0		0		
豆粕		m1712-C-2850	105		105		105		105		104.5		117		0.5		12.5		0.5		20		172		0		2.1		0		
豆粕		m1712-C-2900	0		0		0		95.5		83.5		95.5		12		12		0.44		0		134		0		0		0		
豆粕		m1712-C-2950	0		0		0		77		66		77		11		11		0.38		0		160		0		0		0		
豆粕		m1712-C-3000	0		0		0		61.5		51		61.5		10.5		10.5		0.32		0		320		0		0		0		
豆粕		m1712-C-3050	0		0		0		49		39		49		10		10		0.27		0		232		0		0		0		
豆粕		m1712-C-3100	40.5		40.5		40.5		40.5		29.5		38		11		8.5		0.22		20		330		20		0.81		0		
豆粕		m1712-C-3150	36		36		36		36		22		29.5		14		7.5		0.18		20		152		0		0.72		0		
豆粕		m1712-C-3200	0		0		0		22.5		16		22.5		6.5		6.5		0.15		0		38		0		0		0		
豆粕		m1712-P-2450	0		0		0		12		9		12		3		3		-0.08		0		112		0		0		0		
豆粕		m1712-P-2500	0		0		0		18		13.5		18		4.5		4.5		-0.11		0		80		0		0		0		
豆粕		m1712-P-2550	0		0		0		26		20.5		26		5.5		5.5		-0.15		0		146		0		0		0		
豆粕		m1712-P-2600	0		0		0		36.5		30		36.5		6.5		6.5		-0.2		0		222		0		0		0		
豆粕		m1712-P-2650	0		0		0		49.5		42		49.5		7.5		7.5		-0.25		0		124		0		0		0		
豆粕		m1712-P-2700	0		0		0		65.5		57.5		65.5		8		8		-0.31		0		220		0		0		0		
豆粕		m1712-P-2750	0		0		0		84.5		76		84.5		8.5		8.5		-0.37		12		212		-12		1.01		0		
豆粕		m1712-P-2800	0		0		0		106.5		98		106.5		8.5		8.5		-0.43		14		168		-14		1.49		0		
豆粕		m1712-P-2850	0		0		0		132		123.5		132		8.5		8.5		-0.5		0		110		0		0		0		
豆粕		m1712-P-2900	0		0		0		160.5		152		160.5		8.5		8.5		-0.56		0		80		0		0		0		
豆粕		m1712-P-2950	0		0		0		192		184.5		192		7.5		7.5		-0.62		0		100		0		0		0		
豆粕		m1712-P-3000	0		0		0		226		219.5		226		6.5		6.5		-0.68		0		100		0		0		0		
豆粕		m1712-P-3050	0		0		0		263		257.5		263		5.5		5.5		-0.73		0		84		0		0		0		
豆粕		m1712-P-3100	0		0		0		302.5		298		302.5		4.5		4.5		-0.77		0		68		0		0		0		
豆粕		m1712-P-3150	0		0		0		343.5		340		343.5		3.5		3.5		-0.82		0		62		0		0		0		
豆粕		m1712-P-3200	0		0		0		386.5		384		386.5		2.5		2.5		-0.85		0		16		0		0		0		
豆粕		m1801-C-2450	382.5		408.5		382.5		401.5		415.5		397.5		-14		-18		0.86		32		444		4		12.89		0		
豆粕		m1801-C-2500	340		365		339.5		365		374.5		357.5		-9.5		-17		0.82		18		456		2		6.28		0		
豆粕		m1801-C-2550	297.5		324		297.5		322.5		335.5		319		-13		-16.5		0.78		40		444		4		12.7		0		
豆粕		m1801-C-2600	267		287		267		284		298.5		283.5		-14.5		-15		0.74		56		468		6		15.72		0		
豆粕		m1801-C-2650	230		249.5		230		247		264		250		-17		-14		0.69		76		434		4		18.64		0		
豆粕		m1801-C-2700	198.5		218		198.5		214.5		232		219		-17.5		-13		0.65		88		932		14		18.8		0		
豆粕		m1801-C-2750	175.5		190		173		186.5		202.5		191		-16		-11.5		0.6		154		1,066		52		28.56		0		
豆粕		m1801-C-2800	151.5		166.5		151		162		175.5		165		-13.5		-10.5		0.54		364		1,872		-36		58.43		0		
豆粕		m1801-C-2850	130.5		142.5		127		138.5		151		142		-12.5		-9		0.49		588		3,410		118		79.97		0		
豆粕		m1801-C-2900	113.5		124		113		121.5		129.5		121		-8		-8.5		0.44		370		3,878		20		43.56		0		
豆粕		m1801-C-2950	94		107.5		94		105.5		110		103		-4.5		-7		0.4		576		3,582		-34		59.15		0		
豆粕		m1801-C-3000	82		95.5		82		93		93		86.5		0		-6.5		0.35		664		5,462		-66		60.78		0		
豆粕		m1801-C-3050	82		86		79		82.5		78		72.5		4.5		-5.5		0.31		1,414		5,042		-430		115.11		0		
豆粕		m1801-C-3100	73		80		73		76		65		60.5		11		-4.5		0.27		926		10,228		482		69.45		0		
豆粕		m1801-C-3150	68.5		70		66		67		54		50		13		-4		0.23		204		2,542		102		13.74		0		
豆粕		m1801-C-3200	60		62.5		57		59.5		44.5		41		15		-3.5		0.2		832		6,294		362		49.35		0		
豆粕		m1801-P-2450	29.5		30		24.5		24.5		26		30		-1.5		4		-0.14		452		3,960		208		11.72		0		
豆粕		m1801-P-2500	35.5		39		32.5		33		35		39.5		-2		4.5		-0.17		898		3,768		-370		30.17		0		
豆粕		m1801-P-2550	48		49.5		41.5		42		45.5		51.5		-3.5		6		-0.21		210		2,566		8		9.14		0		
豆粕		m1801-P-2600	62		62		52		53		58.5		65.5		-5.5		7		-0.26		374		3,150		120		21.23		0		
豆粕		m1801-P-2650	80		80		67		69.5		74		82		-4.5		8		-0.3		426		3,074		0		31.02		0		
豆粕		m1801-P-2700	99		99		82.5		87		91.5		100.5		-4.5		9		-0.35		568		3,742		98		51.75		0		
豆粕		m1801-P-2750	121		121		102.5		107.5		112		122		-4.5		10		-0.4		366		2,916		-74		40.32		0		
豆粕		m1801-P-2800	146.5		150.5		127.5		132		135		146		-3		11		-0.45		544		3,488		168		74.61		0		
豆粕		m1801-P-2850	177		177		153		158		160		173		-2		13		-0.5		1,202		2,606		-22		199.27		0		
豆粕		m1801-P-2900	212.5		215		185		192		188		202		4		14		-0.55		138		1,166		-28		27.09		0		
豆粕		m1801-P-2950	248.5		248.5		222.5		222.5		218.5		233.5		4		15		-0.6		184		978		34		42.25		0		
豆粕		m1801-P-3000	292		292.5		258		259		251.5		267		7.5		15.5		-0.64		74		742		-8		20.21		0		
豆粕		m1801-P-3050	321		321		303		303		286		302.5		17		16.5		-0.69		36		790		32		10.95		0		
豆粕		m1801-P-3100	369.5		369.5		201.5		344		323		340.5		21		17.5		-0.73		64		732		26		22.05		0		
豆粕		m1801-P-3150	411.5		412		379.5		379.5		361.5		379.5		18		18		-0.76		32		410		-14		12.88		0		
豆粕		m1801-P-3200	0		0		0		420.5		402		420.5		18.5		18.5		-0.8		0		376		0		0		0		
豆粕		m1803-C-2400	0		0		0		423.5		470		423.5		-46.5		-46.5		0.82		0		82		0		0		0		
豆粕		m1803-C-2450	0		0		0		385.5		427.5		385.5		-42		-42		0.79		0		0		0		0		0		
豆粕		m1803-C-2500	0		0		0		350		387		350		-37		-37		0.75		0		0		0		0		0		
豆粕		m1803-C-2550	0		0		0		316		348.5		316		-32.5		-32.5		0.72		0		20		0		0		0		
豆粕		m1803-C-2600	0		0		0		284.5		312		284.5		-27.5		-27.5		0.68		0		0		0		0		0		
豆粕		m1803-C-2650	0		0		0		255		278		255		-23		-23		0.64		0		190		0		0		0		
豆粕		m1803-C-2700	0		0		0		227.5		246		227.5		-18.5		-18.5		0.59		0		94		0		0		0		
豆粕		m1803-C-2750	0		0		0		202		217		202		-15		-15		0.55		0		136		0		0		0		
豆粕		m1803-C-2800	0		0		0		179		190		179		-11		-11		0.51		0		144		0		0		0		
豆粕		m1803-C-2850	0		0		0		158		165.5		158		-7.5		-7.5		0.47		0		170		0		0		0		
豆粕		m1803-C-2900	0		0		0		138.5		143		138.5		-4.5		-4.5		0.43		0		156		0		0		0		
豆粕		m1803-C-2950	0		0		0		121.5		123		121.5		-1.5		-1.5		0.39		0		184		0		0		0		
豆粕		m1803-C-3000	0		0		0		105.5		105.5		105.5		0		0		0.36		0		224		0		0		0		
豆粕		m1803-C-3050	0		0		0		92		89.5		92		2.5		2.5		0.32		0		192		0		0		0		
豆粕		m1803-C-3100	0		0		0		79.5		76		79.5		3.5		3.5		0.29		0		302		0		0		0		
豆粕		m1803-P-2400	0		0		0		48.5		22.5		48.5		26		26		-0.17		0		112		0		0		0		
豆粕		m1803-P-2450	0		0		0		61		30		61		31		31		-0.21		0		140		0		0		0		
豆粕		m1803-P-2500	0		0		0		74.5		39.5		74.5		35		35		-0.24		0		96		0		0		0		
豆粕		m1803-P-2550	0		0		0		90.5		50.5		90.5		40		40		-0.28		0		294		0		0		0		
豆粕		m1803-P-2600	0		0		0		108.5		64		108.5		44.5		44.5		-0.32		0		282		0		0		0		
豆粕		m1803-P-2650	0		0		0		129		79.5		129		49.5		49.5		-0.36		0		220		0		0		0		
豆粕		m1803-P-2700	0		0		0		151		97		151		54		54		-0.4		0		132		0		0		0		
豆粕		m1803-P-2750	0		0		0		175.5		117.5		175.5		58		58		-0.44		0		100		0		0		0		
豆粕		m1803-P-2800	0		0		0		202		140		202		62		62		-0.48		0		104		0		0		0		
豆粕		m1803-P-2850	0		0		0		230.5		165.5		230.5		65		65		-0.52		0		100		0		0		0		
豆粕		m1803-P-2900	0		0		0		261		193		261		68		68		-0.56		0		140		0		0		0		
豆粕		m1803-P-2950	0		0		0		293		222.5		293		70.5		70.5		-0.6		0		80		0		0		0		
豆粕		m1803-P-3000	0		0		0		327.5		254.5		327.5		73		73		-0.64		0		78		0		0		0		
豆粕		m1803-P-3050	0		0		0		363		288.5		363		74.5		74.5		-0.67		0		104		0		0		0		
豆粕		m1803-P-3100	0		0		0		400.5		324.5		400.5		76		76		-0.71		0		92		0		0		0		
豆粕		m1805-C-2400	410.5		410.5		405		405		419.5		408		-14.5		-11.5		0.8		40		286		8		16.31		0		
豆粕		m1805-C-2450	375		375		366.5		366.5		382		371.5		-15.5		-10.5		0.77		50		194		0		18.54		0		
豆粕		m1805-C-2500	342.5		342.5		328.5		332		346.5		336.5		-14.5		-10		0.73		84		334		0		28.06		0		
豆粕		m1805-C-2550	311		311		301		301		313		304		-12		-9		0.7		48		194		0		14.66		0		
豆粕		m1805-C-2600	278		278		271.5		272		281		273.5		-9		-7.5		0.66		64		736		0		17.61		0		
豆粕		m1805-C-2650	240.5		245		240.5		243.5		252		245		-8.5		-7		0.62		10		342		-4		2.43		0		
豆粕		m1805-C-2700	224.5		224.5		219		219		224.5		218.5		-5.5		-6		0.58		76		766		0		16.89		0		
豆粕		m1805-C-2750	197.5		202		195		195		199.5		194		-4.5		-5.5		0.54		48		292		20		9.53		0		
豆粕		m1805-C-2800	170		180		168.5		174.5		176.5		172		-2		-4.5		0.5		88		618		32		15.56		0		
豆粕		m1805-C-2850	152.5		158.5		152.5		157.5		155.5		151.5		2		-4		0.46		46		642		20		7.25		0		
豆粕		m1805-C-2900	135		144.5		135		139.5		136		133		3.5		-3		0.42		40		554		2		5.69		0		
豆粕		m1805-C-2950	129.5		129.5		125.5		125.5		119		116.5		6.5		-2.5		0.38		86		580		32		10.96		0		
豆粕		m1805-C-3000	108		116.5		108		113.5		103.5		101.5		10		-2		0.34		96		1,756		2		10.7		0		
豆粕		m1805-C-3050	98.5		106		98.5		101.5		90		88.5		11.5		-1.5		0.31		176		516		40		18.24		0		
豆粕		m1805-C-3100	82		90.5		82		90.5		77.5		76.5		13		-1		0.28		24		798		6		2.09		0		
豆粕		m1805-P-2400	48.5		50		45		46		48.5		55		-2.5		6.5		-0.19		106		2,450		18		5.01		0		
豆粕		m1805-P-2450	62		62		58		58		60.5		68		-2.5		7.5		-0.22		22		716		16		1.33		0		
豆粕		m1805-P-2500	77		77		72		72		74.5		83		-2.5		8.5		-0.26		252		1,062		4		18.54		0		
豆粕		m1805-P-2550	95.5		95.5		90		90		90.5		99.5		-0.5		9		-0.3		162		824		50		14.84		0		
豆粕		m1805-P-2600	117		117.5		110.5		110.5		108.5		118.5		2		10		-0.33		122		1,100		16		14.03		0		
豆粕		m1805-P-2650	0		0		0		139.5		129		139.5		10.5		10.5		-0.37		0		518		0		0		0		
豆粕		m1805-P-2700	162		162		162		162		151		163		11		12		-0.42		2		378		0		0.32		0		
豆粕		m1805-P-2750	192.5		192.5		182		182		175.5		188		6.5		12.5		-0.46		20		316		-2		3.73		0		
豆粕		m1805-P-2800	215.5		215.5		210		212		202		215.5		10		13.5		-0.5		48		794		-20		10.17		0		
豆粕		m1805-P-2850	0		0		0		245		230.5		245		14.5		14.5		-0.54		0		174		0		0		0		
豆粕		m1805-P-2900	273.5		273.5		273		273		261		276		12		15		-0.58		40		260		-20		10.93		0		
豆粕		m1805-P-2950	309		309		308.5		308.5		293.5		309		15		15.5		-0.61		40		202		0		12.35		0		
豆粕		m1805-P-3000	345.5		345.5		345		345		328		343.5		17		15.5		-0.65		40		260		0		13.81		0		
豆粕		m1805-P-3050	383		386		382.5		386		363.5		380		22.5		16.5		-0.68		40		126		20		15.36		0		
豆粕		m1805-P-3100	421.5		422		421		422		401		418		21		17		-0.71		48		152		20		20.22		0		
豆粕		m1807-C-2550	0		0		0		316.5		316.5		316.5		0		0		0.68		0		0		0		0		0		
豆粕		m1807-C-2600	0		0		0		287		286.5		287		0.5		0.5		0.64		0		0		0		0		0		
豆粕		m1807-C-2650	0		0		0		259		259		259		0		0		0.61		0		0		0		0		0		
豆粕		m1807-C-2700	0		0		0		233.5		233		233.5		0.5		0.5		0.57		0		0		0		0		0		
豆粕		m1807-C-2750	0		0		0		209.5		208.5		209.5		1		1		0.53		0		0		0		0		0		
豆粕		m1807-C-2800	0		0		0		188		186.5		188		1.5		1.5		0.5		0		0		0		0		0		
豆粕		m1807-C-2850	0		0		0		167.5		166		167.5		1.5		1.5		0.46		0		0		0		0		0		
豆粕		m1807-C-2900	0		0		0		149		147.5		149		1.5		1.5		0.42		0		0		0		0		0		
豆粕		m1807-C-2950	0		0		0		132.5		130.5		132.5		2		2		0.39		0		0		0		0		0		
豆粕		m1807-C-3000	117.5		117.5		117.5		117.5		115.5		117.5		2		2		0.36		20		20		20		2.35		0		
豆粕		m1807-P-2550	0		0		0		118		112.5		118		5.5		5.5		-0.31		0		0		0		0		0		
豆粕		m1807-P-2600	0		0		0		138		132		138		6		6		-0.35		0		0		0		0		0		
豆粕		m1807-P-2650	0		0		0		160		154		160		6		6		-0.38		0		4		0		0		0		
豆粕		m1807-P-2700	0		0		0		184		177.5		184		6.5		6.5		-0.42		0		0		0		0		0		
豆粕		m1807-P-2750	0		0		0		209.5		203		209.5		6.5		6.5		-0.46		0		0		0		0		0		
豆粕		m1807-P-2800	0		0		0		237.5		230		237.5		7.5		7.5		-0.49		0		0		0		0		0		
豆粕		m1807-P-2850	0		0		0		266.5		259.5		266.5		7		7		-0.53		0		0		0		0		0		
豆粕		m1807-P-2900	0		0		0		298		290		298		8		8		-0.57		0		0		0		0		0		
豆粕		m1807-P-2950	0		0		0		330.5		323		330.5		7.5		7.5		-0.6		0		0		0		0		0		
豆粕		m1807-P-3000	0		0		0		365		357		365		8		8		-0.63		0		0		0		0		0		
豆粕小计																					28,130		207,122		-24		2,111.99	0		
总计																						28,130		207,122		-24		2,111.99	0		
隐含波动率参考值	
合约系列	隐含波动率(%)	
m1709		18.96		
m1711		20.23		
m1712		20.74		
m1801		23.14		
m1803		23.14		
m1805		20.93		
m1807		20.85		
