商品名称	交割月份	开盘价		最高价		最低价		收盘价		前结算价	结算价		涨跌		涨跌1		成交量		持仓量		持仓量变化	成交额		
豆粕		1703		0		0		0		2,978		2,978		2,978		0		0		0		0		0		0		
豆粕		1705		2,882		2,932		2,878		2,909		2,884		2,909		25		25		1,570,740	1,762,774	-78,536		4,569,620.96	
豆粕		1707		2,965		2,990		2,945		2,958		2,925		2,962		33		37		136		700		-50		402.96		
豆粕		1708		2,926		2,963		2,919		2,963		2,925		2,946		38		21		26		324		12		76.6		
豆粕		1709		2,913		2,968		2,912		2,947		2,915		2,945		32		30		601,306		1,246,036	78,104		1,770,931.37	
豆粕		1711		2,937		2,937		2,937		2,937		2,913		2,937		24		24		2		42		0		5.87		
豆粕		1712		2,970		2,970		2,952		2,954		2,945		2,958		9		13		6		16		0		17.75		
豆粕		1801		2,928		2,974		2,928		2,962		2,934		2,953		28		19		42,172		160,552		-7,382		124,555.09	
豆粕小计																			2,214,388	3,170,444	-7,852		6,465,610.61	
总计																				2,214,388	3,170,444	-7,852		6,465,610.61	
