商品名称	交割月份	开盘价		最高价		最低价		收盘价		前结算价	结算价		涨跌		涨跌1		成交量		持仓量		持仓量变化	成交额		
豆粕		1703		0		0		0		2,978		2,978		2,978		0		0		0		0		0		0		
豆粕		1705		2,916		2,950		2,909		2,945		2,909		2,930		36		21		1,074,142	1,736,892	-25,882		3,147,788.68	
豆粕		1707		2,957		2,985		2,919		2,985		2,962		2,972		23		10		266		870		170		790.8		
豆粕		1708		2,960		2,978		2,960		2,978		2,946		2,970		32		24		34		326		2		100.99		
豆粕		1709		2,955		2,980		2,945		2,979		2,945		2,964		34		19		419,606		1,309,820	63,784		1,243,893.1	
豆粕		1711		2,948		2,969		2,948		2,964		2,937		2,957		27		20		8		40		-2		23.66		
豆粕		1712		3,002		3,002		3,002		3,002		2,958		3,002		44		44		2		18		2		6		
豆粕		1801		2,962		2,992		2,960		2,990		2,953		2,979		37		26		29,994		160,928		376		89,367.06	
豆粕小计																			1,524,052	3,208,894	38,450		4,481,970.3	
总计																				1,524,052	3,208,894	38,450		4,481,970.3	
