商品名称	交割月份	开盘价		最高价		最低价		收盘价		前结算价	结算价		涨跌		涨跌1		成交量		持仓量		持仓量变化	成交额		
豆粕		1703		0		0		0		2,978		2,978		2,978		0		0		0		0		0		0		
豆粕		1705		2,948		2,951		2,900		2,903		2,955		2,919		-52		-36		1,220,056	1,664,476	-87,904		3,562,195.27	
豆粕		1707		2,983		2,983		2,940		2,940		2,990		2,967		-50		-23		16		850		2		47.47		
豆粕		1708		3,007		3,007		2,947		2,947		2,983		2,961		-36		-22		44		314		2		130.28		
豆粕		1709		2,956		2,962		2,920		2,924		2,971		2,937		-47		-34		563,766		1,420,112	-8,462		1,656,340.54	
豆粕		1711		2,950		2,950		2,925		2,925		2,972		2,937		-47		-35		8		40		2		23.5		
豆粕		1712		2,948		2,948		2,948		2,948		2,977		2,948		-29		-29		2		16		-2		5.9		
豆粕		1801		2,967		2,967		2,925		2,925		2,971		2,938		-46		-33		31,002		163,878		2,256		91,090.73	
豆粕小计																			1,814,894	3,249,686	-94,106		5,309,833.68	
总计																				1,814,894	3,249,686	-94,106		5,309,833.68	
