商品名称	交割月份	开盘价		最高价		最低价		收盘价		前结算价	结算价		涨跌		涨跌1		成交量		持仓量		持仓量变化	成交额		
豆粕		1703		0		0		0		2,978		2,978		2,978		0		0		0		0		0		0		
豆粕		1705		2,900		2,909		2,887		2,898		2,919		2,898		-21		-21		985,134		1,644,378	-20,098		2,855,716.79	
豆粕		1707		2,942		2,954		2,933		2,938		2,967		2,940		-29		-27		24		844		-6		70.56		
豆粕		1708		2,931		2,944		2,931		2,944		2,961		2,934		-17		-27		22		302		-12		64.57		
豆粕		1709		2,920		2,929		2,908		2,922		2,937		2,920		-15		-17		450,122		1,428,794	8,682		1,314,614.21	
豆粕		1711		2,908		2,931		2,908		2,931		2,937		2,919		-6		-18		4		40		0		11.68		
豆粕		1712		2,939		2,939		2,939		2,939		2,948		2,939		-9		-9		2		16		0		5.88		
豆粕		1801		2,922		2,939		2,919		2,930		2,938		2,929		-8		-9		31,638		172,622		8,744		92,676.59	
豆粕小计																			1,466,946	3,246,996	-2,690		4,263,160.27	
总计																				1,466,946	3,246,996	-2,690		4,263,160.27	
