商品名称	交割月份	开盘价		最高价		最低价		收盘价		前结算价	结算价		涨跌		涨跌1		成交量		持仓量		持仓量变化	成交额		
豆粕		1703		0		0		0		2,978		2,978		2,978		0		0		0		0		0		0		
豆粕		1705		2,891		2,901		2,857		2,860		2,898		2,877		-38		-21		1,174,750	1,615,210	-29,168		3,380,779.93	
豆粕		1707		2,932		2,940		2,908		2,908		2,940		2,931		-32		-9		34		846		2		99.68		
豆粕		1708		0		0		0		2,911		2,934		2,911		-23		-23		0		302		0		0		
豆粕		1709		2,920		2,929		2,875		2,878		2,920		2,900		-42		-20		694,594		1,387,484	-41,310		2,014,897.58	
豆粕		1711		2,926		2,926		2,926		2,926		2,919		2,926		7		7		2		40		0		5.85		
豆粕		1712		2,939		2,939		2,922		2,922		2,939		2,930		-17		-9		4		14		-2		11.72		
豆粕		1801		2,925		2,936		2,901		2,905		2,929		2,913		-24		-16		33,778		187,960		15,338		98,415.62	
豆粕小计																			1,903,162	3,191,856	-55,140		5,494,210.38	
总计																				1,903,162	3,191,856	-55,140		5,494,210.38	
