商品名称	交割月份	开盘价		最高价		最低价		收盘价		前结算价	结算价		涨跌		涨跌1		成交量		持仓量		持仓量变化	成交额		
豆粕		1705		2,840		2,886		2,825		2,871		2,861		2,859		10		-2		1,161,044	1,436,080	-94,840		3,320,234.69	
豆粕		1707		2,882		2,927		2,877		2,922		2,902		2,906		20		4		48		886		2		139.52		
豆粕		1708		2,925		2,925		2,922		2,922		2,907		2,922		15		15		8		300		0		23.38		
豆粕		1709		2,860		2,899		2,841		2,884		2,881		2,876		3		-5		702,714		1,446,544	3,390		2,021,013.43	
豆粕		1711		2,893		2,893		2,893		2,893		2,903		2,893		-10		-10		6		42		-6		17.36		
豆粕		1712		0		0		0		2,909		2,909		2,909		0		0		0		14		0		0		
豆粕		1801		2,898		2,924		2,872		2,918		2,909		2,907		9		-2		52,210		227,352		22,526		151,789.39	
豆粕		1803		2,724		2,907		2,724		2,907		2,909		2,816		-2		-93		34		4		4		95.76		
豆粕小计																			1,916,064	3,111,222	-68,924		5,493,313.55	
总计																				1,916,064	3,111,222	-68,924		5,493,313.55	
