商品名称	交割月份	开盘价		最高价		最低价		收盘价		前结算价	结算价		涨跌		涨跌1		成交量		持仓量		持仓量变化	成交额		
豆粕		1705		2,875		2,885		2,848		2,864		2,859		2,866		5		7		793,424		1,438,896	2,816		2,274,443.79	
豆粕		1707		2,914		2,915		2,901		2,901		2,906		2,906		-5		0		42		908		22		122.08		
豆粕		1708		2,920		2,922		2,917		2,917		2,922		2,919		-5		-3		14		300		0		40.87		
豆粕		1709		2,890		2,900		2,872		2,889		2,876		2,887		13		11		553,812		1,527,242	80,698		1,598,926.12	
豆粕		1711		2,914		2,914		2,907		2,907		2,893		2,911		14		18		6		42		0		17.47		
豆粕		1712		2,916		2,916		2,916		2,916		2,909		2,916		7		7		2		12		-2		5.83		
豆粕		1801		2,921		2,932		2,904		2,921		2,907		2,916		14		9		57,832		229,496		2,144		168,641.73	
豆粕		1803		0		0		0		2,891		2,816		2,891		75		75		0		4		0		0		
豆粕小计																			1,405,132	3,196,900	85,678		4,042,197.89	
总计																				1,405,132	3,196,900	85,678		4,042,197.89	
