商品名称	交割月份	开盘价		最高价		最低价		收盘价		前结算价	结算价		涨跌		涨跌1		成交量		持仓量		持仓量变化	成交额		
豆粕		1705		2,891		2,894		2,851		2,855		2,871		2,873		-16		2		555,812		1,306,464	-52,904		1,596,897.88	
豆粕		1707		2,939		2,939		2,905		2,905		2,916		2,929		-11		13		28		944		8		82.02		
豆粕		1708		2,936		2,969		2,917		2,922		2,935		2,928		-13		-7		62		308		8		181.57		
豆粕		1709		2,900		2,916		2,872		2,877		2,895		2,894		-18		-1		1,063,812	1,870,528	125,154		3,079,682.39	
豆粕		1711		2,925		2,925		2,925		2,925		2,901		2,925		24		24		2		34		0		5.85		
豆粕		1712		0		0		0		2,916		2,916		2,916		0		0		0		12		0		0		
豆粕		1801		2,921		2,938		2,899		2,906		2,919		2,915		-13		-4		28,496		227,782		3,900		83,076.58	
豆粕		1803		2,953		2,953		2,896		2,896		2,906		2,926		-10		20		26		4		0		76.08		
豆粕小计																			1,648,238	3,406,076	76,166		4,760,002.38	
总计																				1,648,238	3,406,076	76,166		4,760,002.38	
