商品名称	交割月份	开盘价		最高价		最低价		收盘价		前结算价	结算价		涨跌		涨跌1		成交量		持仓量		持仓量变化	成交额		
豆粕		1705		2,851		2,858		2,813		2,815		2,850		2,834		-35		-16		604,476		1,153,286	-98,352		1,713,459.43	
豆粕		1707		2,901		2,901		2,877		2,877		2,900		2,887		-23		-13		20		948		10		57.75		
豆粕		1708		2,924		2,924		2,884		2,894		2,928		2,898		-34		-30		142		294		-8		411.53		
豆粕		1709		2,872		2,882		2,825		2,827		2,872		2,852		-45		-20		1,781,858	2,119,364	117,310		5,082,158.5	
豆粕		1711		2,886		2,886		2,871		2,871		2,925		2,876		-54		-49		6		38		4		17.26		
豆粕		1712		2,886		2,895		2,886		2,891		2,916		2,890		-25		-26		6		14		2		17.34		
豆粕		1801		2,900		2,910		2,870		2,873		2,900		2,888		-27		-12		67,736		260,212		25,380		195,629.2	
豆粕		1803		2,888		2,888		2,888		2,888		2,881		2,888		7		7		2		6		0		5.78		
豆粕小计																			2,454,246	3,534,162	44,346		6,991,756.78	
总计																				2,454,246	3,534,162	44,346		6,991,756.78	
