商品名称	交割月份	开盘价		最高价		最低价		收盘价		前结算价	结算价		涨跌		涨跌1		成交量		持仓量		持仓量变化	成交额		
豆粕		1705		2,817		2,833		2,798		2,804		2,834		2,810		-30		-24		333,708		1,103,488	-49,798		937,890.25	
豆粕		1707		2,877		2,883		2,848		2,848		2,887		2,860		-39		-27		54		948		0		154.48		
豆粕		1708		2,892		2,892		2,871		2,871		2,898		2,875		-27		-23		34		264		-30		97.78		
豆粕		1709		2,829		2,848		2,806		2,813		2,852		2,821		-39		-31		1,249,086	2,146,658	27,294		3,524,835.28	
豆粕		1711		2,859		2,859		2,837		2,839		2,876		2,841		-37		-35		14		36		-2		39.78		
豆粕		1712		0		0		0		2,890		2,890		2,890		0		0		0		14		0		0		
豆粕		1801		2,878		2,886		2,850		2,856		2,888		2,862		-32		-26		32,316		265,952		5,740		92,519.01	
豆粕		1803		0		0		0		2,888		2,888		2,888		0		0		0		6		0		0		
豆粕小计																			1,615,212	3,517,366	-16,796		4,555,536.58	
总计																				1,615,212	3,517,366	-16,796		4,555,536.58	
