商品名称	交割月份	开盘价		最高价		最低价		收盘价		前结算价	结算价		涨跌		涨跌1		成交量		持仓量		持仓量变化	成交额		
豆粕		1705		2,807		2,810		2,776		2,798		2,810		2,793		-12		-17		307,512		1,046,152	-57,336		858,946.45	
豆粕		1707		2,845		2,867		2,793		2,802		2,860		2,831		-58		-29		738		898		-50		2,089.34	
豆粕		1708		2,867		2,867		2,815		2,839		2,875		2,851		-36		-24		34		264		0		96.96		
豆粕		1709		2,815		2,818		2,783		2,807		2,821		2,801		-14		-20		1,193,478	2,107,942	-38,716		3,343,231.34	
豆粕		1711		2,835		2,835		2,835		2,835		2,841		2,835		-6		-6		8		36		0		22.68		
豆粕		1712		0		0		0		2,890		2,890		2,890		0		0		0		14		0		0		
豆粕		1801		2,854		2,860		2,825		2,844		2,862		2,843		-18		-19		40,320		263,136		-2,816		114,655.54	
豆粕		1803		0		0		0		2,888		2,888		2,888		0		0		0		6		0		0		
豆粕小计																			1,542,090	3,418,448	-98,918		4,319,042.31	
总计																				1,542,090	3,418,448	-98,918		4,319,042.31	
