商品名称	交割月份	开盘价		最高价		最低价		收盘价		前结算价	结算价		涨跌		涨跌1		成交量		持仓量		持仓量变化	成交额		
豆粕		1705		2,798		2,805		2,766		2,780		2,793		2,780		-13		-13		236,786		859,622		-57,964		658,340.96	
豆粕		1707		2,828		2,838		2,802		2,802		2,815		2,819		-13		4		24		902		0		67.66		
豆粕		1708		2,835		2,835		2,817		2,828		2,852		2,830		-24		-22		20		242		0		56.61		
豆粕		1709		2,815		2,817		2,773		2,785		2,803		2,789		-18		-14		1,357,636	2,245,112	30,782		3,787,752.13	
豆粕		1711		2,841		2,841		2,805		2,807		2,825		2,813		-18		-12		20		42		6		56.26		
豆粕		1712		0		0		0		2,890		2,890		2,890		0		0		0		14		0		0		
豆粕		1801		2,854		2,854		2,812		2,819		2,842		2,829		-23		-13		43,936		273,206		12,830		124,323.26	
豆粕		1803		0		0		0		2,881		2,888		2,881		-7		-7		0		6		0		0		
豆粕小计																			1,638,422	3,379,146	-14,346		4,570,596.88	
总计																				1,638,422	3,379,146	-14,346		4,570,596.88	
