商品名称	交割月份	开盘价		最高价		最低价		收盘价		前结算价	结算价		涨跌		涨跌1		成交量		持仓量		持仓量变化	成交额		
豆粕		1705		2,771		2,789		2,762		2,780		2,780		2,778		0		-2		154,528		803,518		-56,104		429,302.44	
豆粕		1707		2,825		2,825		2,794		2,797		2,819		2,801		-22		-18		392		1,104		202		1,098.21	
豆粕		1708		2,818		2,840		2,800		2,800		2,830		2,811		-30		-19		504		508		266		1,417.2		
豆粕		1709		2,775		2,800		2,766		2,780		2,789		2,784		-9		-5		790,108		2,212,768	-32,344		2,199,805.36	
豆粕		1711		2,817		2,819		2,812		2,815		2,813		2,816		2		3		34		50		8		95.77		
豆粕		1712		2,833		2,842		2,824		2,827		2,890		2,833		-63		-57		354		290		276		1,003.06	
豆粕		1801		2,808		2,835		2,806		2,820		2,829		2,823		-9		-6		25,568		275,166		1,960		72,180.43	
豆粕		1803		2,843		2,843		2,843		2,843		2,881		2,843		-38		-38		12		16		10		34.12		
豆粕小计																			971,500		3,293,420	-85,726		2,704,936.59	
总计																				971,500		3,293,420	-85,726		2,704,936.59	
