商品名称	交割月份	开盘价		最高价		最低价		收盘价		前结算价	结算价		涨跌		涨跌1		成交量		持仓量		持仓量变化	成交额		
豆粕		1705		2,750		2,800		2,733		2,757		2,778		2,748		-21		-30		184,578		726,740		-76,778		507,270.13	
豆粕		1707		2,795		2,795		2,760		2,776		2,801		2,768		-25		-33		524		1,380		276		1,450.9		
豆粕		1708		2,764		2,786		2,764		2,776		2,811		2,773		-35		-38		36		530		22		99.85		
豆粕		1709		2,740		2,762		2,733		2,755		2,784		2,749		-29		-35		1,049,690	2,359,122	146,354		2,886,320.25	
豆粕		1711		2,779		2,783		2,763		2,783		2,816		2,776		-33		-40		12		42		-8		33.32		
豆粕		1712		2,970		2,970		2,767		2,767		2,833		2,868		-66		35		4		292		2		11.47		
豆粕		1801		2,800		2,811		2,780		2,801		2,823		2,796		-22		-27		45,194		297,268		22,102		126,407.04	
豆粕		1803		0		0		0		2,816		2,843		2,816		-27		-27		0		16		0		0		
豆粕小计																			1,280,038	3,385,390	91,970		3,521,592.96	
总计																				1,280,038	3,385,390	91,970		3,521,592.96	
