商品名称	交割月份	开盘价		最高价		最低价		收盘价		前结算价	结算价		涨跌		涨跌1		成交量		持仓量		持仓量变化	成交额		
豆粕		1705		2,759		2,791		2,754		2,779		2,748		2,763		31		15		232,710		622,546		-104,194	643,155.5	
豆粕		1707		2,784		2,785		2,764		2,770		2,768		2,773		2		5		154		1,368		-12		427.09		
豆粕		1708		2,791		2,791		2,768		2,777		2,773		2,776		4		3		52		544		14		144.4		
豆粕		1709		2,756		2,765		2,743		2,754		2,749		2,753		5		4		1,151,572	2,465,404	106,282		3,170,700	
豆粕		1711		2,793		2,793		2,782		2,782		2,776		2,784		6		8		10		44		2		27.84		
豆粕		1712		2,807		2,838		2,807		2,818		2,868		2,815		-50		-53		74		354		62		208.38		
豆粕		1801		2,798		2,810		2,790		2,799		2,796		2,798		3		2		48,488		309,454		12,186		135,677.84	
豆粕		1803		2,801		2,801		2,801		2,801		2,816		2,801		-15		-15		2		14		-2		5.6		
豆粕小计																			1,433,062	3,399,728	14,338		3,950,346.65	
总计																				1,433,062	3,399,728	14,338		3,950,346.65	
