商品名称	交割月份	开盘价		最高价		最低价		收盘价		前结算价	结算价		涨跌		涨跌1		成交量		持仓量		持仓量变化	成交额		
豆粕		1705		2,780		2,786		2,750		2,757		2,763		2,768		-6		5		233,872		525,096		-97,450		647,457.91	
豆粕		1707		2,770		2,770		2,735		2,748		2,773		2,754		-25		-19		194		1,424		56		534.42		
豆粕		1708		2,754		2,757		2,750		2,750		2,776		2,752		-26		-24		16		552		8		44.04		
豆粕		1709		2,755		2,759		2,723		2,729		2,753		2,737		-24		-16		1,305,006	2,406,850	-58,554		3,572,963.38	
豆粕		1711		2,810		2,812		2,759		2,759		2,784		2,785		-25		1		38		56		12		105.84		
豆粕		1712		2,796		2,807		2,796		2,800		2,815		2,804		-15		-11		28		376		22		78.53		
豆粕		1801		2,801		2,805		2,771		2,774		2,798		2,784		-24		-14		70,062		334,590		25,136		195,072.69	
豆粕		1803		2,795		2,795		2,782		2,782		2,801		2,788		-19		-13		4		14		0		11.15		
豆粕小计																			1,609,220	3,268,958	-130,770	4,416,267.97	
总计																				1,609,220	3,268,958	-130,770	4,416,267.97	
