商品名称	交割月份	开盘价		最高价		最低价		收盘价		前结算价	结算价		涨跌		涨跌1		成交量		持仓量		持仓量变化	成交额		
豆粕		1705		2,762		2,798		2,761		2,797		2,768		2,778		29		10		141,744		474,912		-50,184		393,863.3	
豆粕		1707		2,761		2,794		2,754		2,777		2,754		2,771		23		17		246		1,306		-118		681.9		
豆粕		1708		2,762		2,792		2,762		2,792		2,752		2,786		40		34		26		560		8		72.46		
豆粕		1709		2,735		2,774		2,732		2,762		2,737		2,751		25		14		1,442,414	2,375,378	-31,472		3,968,331.79	
豆粕		1711		2,766		2,800		2,766		2,783		2,785		2,778		-2		-7		10		56		0		27.79		
豆粕		1712		2,809		2,824		2,809		2,824		2,804		2,818		20		14		22		376		0		62		
豆粕		1801		2,776		2,810		2,776		2,798		2,784		2,794		14		10		56,676		326,120		-8,470		158,378.11	
豆粕		1803		2,790		2,790		2,790		2,790		2,788		2,790		2		2		2		14		0		5.58		
豆粕小计																			1,641,140	3,178,722	-90,236		4,521,422.93	
总计																				1,641,140	3,178,722	-90,236		4,521,422.93	
