商品名称	交割月份	开盘价		最高价		最低价		收盘价		前结算价	结算价		涨跌		涨跌1		成交量		持仓量		持仓量变化	成交额		
豆粕		1705		2,810		2,816		2,792		2,810		2,778		2,802		32		24		134,478		410,240		-64,672		376,926.61	
豆粕		1707		2,791		2,796		2,774		2,795		2,771		2,783		24		12		52		1,290		-16		144.72		
豆粕		1708		2,782		2,794		2,777		2,794		2,786		2,786		8		0		56		562		2		156.07		
豆粕		1709		2,763		2,768		2,745		2,762		2,751		2,757		11		6		1,049,786	2,468,820	93,442		2,894,892.17	
豆粕		1711		2,790		2,790		2,779		2,790		2,778		2,787		12		9		14		54		-2		39.03		
豆粕		1712		2,811		2,821		2,811		2,821		2,818		2,813		3		-5		12		376		0		33.76		
豆粕		1801		2,802		2,804		2,784		2,794		2,794		2,793		0		-1		55,578		335,824		9,704		155,229.59	
豆粕		1803		2,804		2,815		2,791		2,803		2,790		2,803		13		13		26		26		12		72.9		
豆粕小计																			1,240,002	3,217,192	38,470		3,427,494.85	
总计																				1,240,002	3,217,192	38,470		3,427,494.85	
