商品名称	交割月份	开盘价		最高价		最低价		收盘价		前结算价	结算价		涨跌		涨跌1		成交量		持仓量		持仓量变化	成交额		
豆粕		1705		2,810		2,850		2,790		2,839		2,802		2,828		37		26		144,876		356,028		-54,212		409,828.89	
豆粕		1707		2,778		2,835		2,770		2,811		2,783		2,819		28		36		658		1,498		208		1,855.48	
豆粕		1708		2,773		2,842		2,769		2,818		2,786		2,821		32		35		62		556		-6		174.94		
豆粕		1709		2,757		2,808		2,740		2,783		2,757		2,779		26		22		1,824,958	2,444,924	-23,896		5,072,735.67	
豆粕		1711		2,790		2,835		2,775		2,814		2,787		2,811		27		24		58		88		34		163.09		
豆粕		1712		2,845		2,851		2,826		2,831		2,813		2,834		18		21		230		400		24		651.9		
豆粕		1801		2,783		2,833		2,778		2,817		2,793		2,809		24		16		105,056		330,420		-5,404		295,173.85	
豆粕		1803		2,826		2,827		2,814		2,814		2,803		2,821		11		18		18		40		14		50.79		
豆粕小计																			2,075,916	3,133,954	-83,238		5,780,634.62	
总计																				2,075,916	3,133,954	-83,238		5,780,634.62	
