商品名称	交割月份	开盘价		最高价		最低价		收盘价		前结算价	结算价		涨跌		涨跌1		成交量		持仓量		持仓量变化	成交额		
豆粕		1705		2,842		2,877		2,833		2,871		2,828		2,853		43		25		101,312		316,430		-39,598		289,120.97	
豆粕		1707		2,822		2,850		2,808		2,850		2,819		2,839		31		20		716		1,930		432		2,033.03	
豆粕		1708		2,818		2,858		2,818		2,856		2,821		2,846		35		25		84		564		8		239.13		
豆粕		1709		2,789		2,838		2,783		2,836		2,779		2,809		57		30		1,558,500	2,448,010	3,086		4,379,132.32	
豆粕		1711		2,815		2,841		2,813		2,841		2,811		2,819		30		8		64		118		30		180.42		
豆粕		1712		2,847		2,847		2,847		2,847		2,834		2,847		13		13		2		400		0		5.69		
豆粕		1801		2,817		2,868		2,812		2,865		2,809		2,843		56		34		76,372		318,698		-11,722		217,151.48	
豆粕		1803		2,842		2,858		2,842		2,844		2,821		2,851		23		30		34		66		26		96.95		
豆粕小计																			1,737,084	3,086,216	-47,738		4,887,959.99	
总计																				1,737,084	3,086,216	-47,738		4,887,959.99	
