商品名称	交割月份	开盘价		最高价		最低价		收盘价		前结算价	结算价		涨跌		涨跌1		成交量		持仓量		持仓量变化	成交额		
豆粕		1705		2,872		2,876		2,858		2,864		2,853		2,868		11		15		110,388		263,206		-53,224		316,607.48	
豆粕		1707		2,842		2,862		2,841		2,846		2,839		2,849		7		10		328		1,956		26		934.64		
豆粕		1708		2,868		2,872		2,855		2,872		2,846		2,862		26		16		14		570		6		40.07		
豆粕		1709		2,837		2,849		2,824		2,830		2,809		2,835		21		26		1,426,256	2,356,906	-91,104		4,044,561.3	
豆粕		1711		0		0		0		2,819		2,819		2,819		0		0		0		118		0		0		
豆粕		1712		2,873		2,879		2,868		2,879		2,847		2,873		32		26		22		394		-6		63.21		
豆粕		1801		2,876		2,876		2,850		2,859		2,843		2,865		16		22		59,634		312,378		-6,320		170,868.05	
豆粕		1803		2,864		2,864		2,864		2,864		2,851		2,864		13		13		2		66		0		5.73		
豆粕小计																			1,596,644	2,935,594	-150,622	4,533,080.47	
总计																				1,596,644	2,935,594	-150,622	4,533,080.47	
