商品名称	交割月份	开盘价		最高价		最低价		收盘价		前结算价	结算价		涨跌		涨跌1		成交量		持仓量		持仓量变化	成交额		
豆粕		1705		2,860		2,884		2,851		2,861		2,868		2,863		-7		-5		83,078		228,816		-34,390		237,891.84	
豆粕		1707		2,843		2,866		2,836		2,846		2,849		2,848		-3		-1		318		1,928		-28		905.96		
豆粕		1708		2,847		2,862		2,841		2,843		2,862		2,847		-19		-15		74		576		6		210.68		
豆粕		1709		2,835		2,854		2,814		2,825		2,835		2,829		-10		-6		1,433,722	2,473,674	116,768		4,056,187.26	
豆粕		1711		2,855		2,869		2,833		2,833		2,819		2,853		14		34		16		120		2		45.66		
豆粕		1712		2,856		2,876		2,854		2,855		2,873		2,865		-18		-8		16		392		-2		45.85		
豆粕		1801		2,861		2,882		2,844		2,859		2,865		2,859		-6		-6		85,374		335,254		22,876		244,133		
豆粕		1803		2,837		2,870		2,837		2,846		2,864		2,851		-18		-13		20		72		6		57.03		
豆粕小计																			1,602,618	3,040,832	105,238		4,539,477.28	
总计																				1,602,618	3,040,832	105,238		4,539,477.28	
