商品名称	交割月份	开盘价		最高价		最低价		收盘价		前结算价	结算价		涨跌		涨跌1		成交量		持仓量		持仓量变化	成交额		
豆粕		1705		2,865		2,869		2,847		2,853		2,863		2,856		-10		-7		54,758		202,178		-26,638		156,406.34	
豆粕		1707		2,844		2,865		2,831		2,831		2,848		2,842		-17		-6		134		1,842		-86		380.86		
豆粕		1708		2,837		2,848		2,832		2,832		2,847		2,840		-15		-7		26		580		4		73.85		
豆粕		1709		2,823		2,835		2,809		2,812		2,829		2,820		-17		-9		1,340,506	2,485,364	11,690		3,780,302.13	
豆粕		1711		0		0		0		2,853		2,853		2,853		0		0		0		120		0		0		
豆粕		1712		2,852		2,852		2,852		2,852		2,865		2,852		-13		-13		2		390		-2		5.7		
豆粕		1801		2,859		2,866		2,840		2,845		2,859		2,852		-14		-7		71,780		342,152		6,898		204,772.49	
豆粕		1803		2,853		2,853		2,840		2,840		2,851		2,843		-11		-8		24		90		18		68.25		
豆粕小计																			1,467,230	3,032,716	-8,116		4,142,009.63	
总计																				1,467,230	3,032,716	-8,116		4,142,009.63	
