商品名称	交割月份	开盘价		最高价		最低价		收盘价		前结算价	结算价		涨跌		涨跌1		成交量		持仓量		持仓量变化	成交额		
豆粕		1705		2,853		2,881		2,831		2,881		2,856		2,855		25		-1		67,036		167,440		-34,738		191,404.64	
豆粕		1707		2,816		2,900		2,790		2,900		2,842		2,830		58		-12		926		1,946		104		2,621.43	
豆粕		1708		2,825		2,860		2,816		2,854		2,840		2,829		14		-11		102		592		12		288.57		
豆粕		1709		2,810		2,859		2,793		2,856		2,820		2,820		36		0		1,941,632	2,543,530	58,166		5,477,100.77	
豆粕		1711		2,810		2,853		2,810		2,849		2,853		2,835		-4		-18		56		138		18		158.81		
豆粕		1712		2,835		2,877		2,835		2,866		2,852		2,848		14		-4		48		370		-20		136.7		
豆粕		1801		2,842		2,885		2,824		2,881		2,852		2,851		29		-1		114,764		351,292		9,140		327,285.75	
豆粕		1803		2,855		2,864		2,855		2,864		2,843		2,861		21		18		14		90		0		40.06		
豆粕小计																			2,124,578	3,065,398	32,682		5,999,036.74	
总计																				2,124,578	3,065,398	32,682		5,999,036.74	
