商品名称	交割月份	开盘价		最高价		最低价		收盘价		前结算价	结算价		涨跌		涨跌1		成交量		持仓量		持仓量变化	成交额		
豆粕		1705		2,871		2,903		2,863		2,888		2,855		2,883		33		28		51,914		143,156		-24,284		149,714.98	
豆粕		1707		2,855		2,865		2,843		2,865		2,830		2,855		35		25		288		1,894		-52		822.31		
豆粕		1708		2,848		2,860		2,848		2,850		2,829		2,853		21		24		78		622		30		222.6		
豆粕		1709		2,834		2,849		2,821		2,844		2,820		2,836		24		16		1,621,148	2,510,120	-33,410		4,599,154.1	
豆粕		1711		2,844		2,844		2,844		2,844		2,835		2,844		9		9		4		138		0		11.38		
豆粕		1712		2,865		2,865		2,856		2,861		2,848		2,859		13		11		22		360		-10		62.91		
豆粕		1801		2,844		2,869		2,841		2,855		2,851		2,854		4		3		155,492		358,966		7,674		443,902.5	
豆粕		1803		2,841		2,852		2,828		2,848		2,861		2,843		-13		-18		30		88		-2		85.3		
豆粕小计																			1,828,976	3,015,344	-50,054		5,193,976.07	
总计																				1,828,976	3,015,344	-50,054		5,193,976.07	
