商品名称	交割月份	开盘价		最高价		最低价		收盘价		前结算价	结算价		涨跌		涨跌1		成交量		持仓量		持仓量变化	成交额		
豆粕		1705		2,899		2,899		2,871		2,888		2,883		2,882		5		-1		54,516		112,442		-30,714		157,129.79	
豆粕		1707		2,864		2,865		2,835		2,860		2,855		2,857		5		2		444		1,748		-146		1,268.85	
豆粕		1708		2,846		2,850		2,834		2,842		2,853		2,841		-11		-12		20		622		0		56.83		
豆粕		1709		2,846		2,849		2,817		2,828		2,836		2,830		-8		-6		1,170,678	2,536,034	25,914		3,313,543.68	
豆粕		1711		2,848		2,848		2,841		2,841		2,844		2,844		-3		0		18		134		-4		51.19		
豆粕		1712		2,845		2,847		2,839		2,839		2,859		2,844		-20		-15		30		372		12		85.34		
豆粕		1801		2,855		2,861		2,832		2,841		2,854		2,843		-13		-11		66,390		356,080		-2,886		188,812.29	
豆粕		1803		2,830		2,830		2,830		2,830		2,843		2,830		-13		-13		14		94		6		39.62		
豆粕小计																			1,292,110	3,007,526	-7,818		3,660,987.6	
总计																				1,292,110	3,007,526	-7,818		3,660,987.6	
