商品名称	交割月份	开盘价		最高价		最低价		收盘价		前结算价	结算价		涨跌		涨跌1		成交量		持仓量		持仓量变化	成交额		
豆粕		1705		2,888		2,917		2,872		2,907		2,882		2,904		25		22		69,914		73,886		-38,556		203,039.01	
豆粕		1707		2,857		2,889		2,850		2,885		2,857		2,865		28		8		152		1,762		14		435.59		
豆粕		1708		2,843		2,878		2,835		2,872		2,841		2,856		31		15		124		660		38		354.25		
豆粕		1709		2,833		2,867		2,817		2,857		2,830		2,846		27		16		1,542,910	2,615,406	79,372		4,392,242.63	
豆粕		1711		2,839		2,891		2,833		2,848		2,844		2,850		4		6		122		150		16		347.79		
豆粕		1712		2,877		2,882		2,868		2,882		2,844		2,877		38		33		42		348		-24		120.85		
豆粕		1801		2,840		2,876		2,829		2,867		2,843		2,858		24		15		84,048		362,258		6,178		240,225.98	
豆粕		1803		2,839		2,869		2,830		2,869		2,830		2,843		39		13		50		92		-2		142.16		
豆粕小计																			1,697,362	3,054,562	47,036		4,836,908.27	
总计																				1,697,362	3,054,562	47,036		4,836,908.27	
