商品名称	交割月份	开盘价		最高价		最低价		收盘价		前结算价	结算价		涨跌		涨跌1		成交量		持仓量		持仓量变化	成交额		
豆粕		1705		2,911		2,915		2,900		2,909		2,904		2,906		5		2		43,710		48,944		-24,942		127,062.39	
豆粕		1707		2,898		2,898		2,870		2,875		2,865		2,873		10		8		160		1,732		-30		459.77		
豆粕		1708		2,841		2,880		2,841		2,862		2,856		2,868		6		12		80		712		52		229.52		
豆粕		1709		2,858		2,866		2,840		2,851		2,846		2,855		5		9		1,083,314	2,611,450	-3,956		3,092,985.86	
豆粕		1711		2,860		2,860		2,855		2,855		2,850		2,856		5		6		36		150		0		102.84		
豆粕		1712		2,864		2,865		2,861		2,861		2,877		2,863		-16		-14		10		356		8		28.63		
豆粕		1801		2,866		2,876		2,858		2,868		2,858		2,867		10		9		73,858		364,488		2,230		211,797.07	
豆粕		1803		0		0		0		2,843		2,843		2,843		0		0		0		92		0		0		
豆粕小计																			1,201,168	3,027,924	-26,638		3,432,666.07	
总计																				1,201,168	3,027,924	-26,638		3,432,666.07	
