商品名称	交割月份	开盘价		最高价		最低价		收盘价		前结算价	结算价		涨跌		涨跌1		成交量		持仓量		持仓量变化	成交额		
豆粕		1705		2,905		2,910		2,860		2,866		2,906		2,889		-40		-17		27,702		33,640		-15,304		80,054.42	
豆粕		1707		2,869		2,878		2,834		2,834		2,873		2,853		-39		-20		144		1,692		-40		410.94		
豆粕		1708		2,867		2,869		2,816		2,826		2,868		2,832		-42		-36		114		720		8		322.86		
豆粕		1709		2,850		2,857		2,804		2,806		2,855		2,829		-49		-26		1,614,830	2,554,874	-56,576		4,568,497.28	
豆粕		1711		2,848		2,853		2,824		2,829		2,856		2,841		-27		-15		14		152		2		39.78		
豆粕		1712		2,875		2,875		2,836		2,836		2,863		2,850		-27		-13		6		356		0		17.1		
豆粕		1801		2,872		2,874		2,828		2,830		2,867		2,848		-37		-19		106,096		381,256		16,768		302,198.53	
豆粕		1803		2,867		2,867		2,864		2,864		2,843		2,865		21		22		8		94		2		22.93		
豆粕小计																			1,748,914	2,972,784	-55,140		4,951,563.84	
总计																				1,748,914	2,972,784	-55,140		4,951,563.84	
