商品名称	交割月份	开盘价		最高价		最低价		收盘价		前结算价	结算价		涨跌		涨跌1		成交量		持仓量		持仓量变化	成交额		
豆粕		1705		2,864		2,892		2,841		2,841		2,889		2,867		-48		-22		27,676		22,250		-11,390		79,358.95	
豆粕		1707		2,845		2,859		2,832		2,837		2,853		2,844		-16		-9		392		1,530		-162		1,115.01	
豆粕		1708		2,831		2,832		2,792		2,817		2,832		2,814		-15		-18		174		692		-28		489.66		
豆粕		1709		2,810		2,827		2,790		2,792		2,829		2,805		-37		-24		1,366,500	2,517,108	-37,766		3,833,502.42	
豆粕		1711		2,806		2,858		2,806		2,808		2,841		2,823		-33		-18		144		136		-16		406.65		
豆粕		1712		2,819		2,819		2,819		2,819		2,850		2,819		-31		-31		8		348		-8		22.55		
豆粕		1801		2,830		2,847		2,811		2,814		2,848		2,828		-34		-20		169,920		390,384		9,128		480,535.33	
豆粕		1803		2,829		2,836		2,812		2,812		2,865		2,828		-53		-37		20		94		0		56.57		
豆粕小计																			1,564,834	2,932,542	-40,242		4,395,487.14	
总计																				1,564,834	2,932,542	-40,242		4,395,487.14	
