商品名称	交割月份	开盘价		最高价		最低价		收盘价		前结算价	结算价		涨跌		涨跌1		成交量		持仓量		持仓量变化	成交额		
豆粕		1705		2,840		2,864		2,797		2,851		2,867		2,834		-16		-33		25,698		8,916		-13,334		72,847.15	
豆粕		1707		2,840		2,847		2,825		2,825		2,844		2,835		-19		-9		340		1,412		-118		963.98		
豆粕		1708		2,820		2,831		2,820		2,824		2,814		2,824		10		10		58		716		24		163.82		
豆粕		1709		2,796		2,808		2,787		2,799		2,805		2,799		-6		-6		902,756		2,475,892	-41,216		2,527,197.37	
豆粕		1711		2,836		2,836		2,813		2,813		2,823		2,817		-10		-6		22		146		10		61.99		
豆粕		1712		0		0		0		2,819		2,819		2,819		0		0		0		348		0		0		
豆粕		1801		2,820		2,828		2,808		2,815		2,828		2,820		-13		-8		68,438		394,602		4,218		193,011.38	
豆粕		1803		2,811		2,818		2,808		2,808		2,828		2,814		-20		-14		28		104		10		78.82		
豆粕小计																			997,340		2,882,136	-50,406		2,794,324.5	
总计																				997,340		2,882,136	-50,406		2,794,324.5	
