商品名称	交割月份	开盘价		最高价		最低价		收盘价		前结算价	结算价		涨跌		涨跌1		成交量		持仓量		持仓量变化	成交额		
豆粕		1705		2,716		2,931		2,716		2,931		2,834		2,888		97		54		3,078		4,932		-3,984		8,889.53	
豆粕		1707		2,860		2,906		2,860		2,898		2,835		2,892		63		57		400		1,326		-86		1,157.15	
豆粕		1708		2,845		2,894		2,845		2,893		2,824		2,883		69		59		78		696		-20		224.92		
豆粕		1709		2,825		2,884		2,823		2,879		2,799		2,860		80		61		1,441,082	2,515,604	39,712		4,121,588.24	
豆粕		1711		2,865		2,894		2,865		2,894		2,817		2,884		77		67		28		144		-2		80.77		
豆粕		1712		2,865		2,882		2,865		2,882		2,819		2,873		63		54		4		346		-2		11.49		
豆粕		1801		2,845		2,886		2,837		2,880		2,820		2,869		60		49		95,774		385,364		-9,238		274,795.92	
豆粕		1803		2,856		2,876		2,856		2,863		2,814		2,868		49		54		18		110		6		51.63		
豆粕小计																			1,540,462	2,908,522	26,386		4,406,799.65	
总计																				1,540,462	2,908,522	26,386		4,406,799.65	
