商品名称	交割月份	开盘价		最高价		最低价		收盘价		前结算价	结算价		涨跌		涨跌1		成交量		持仓量		持仓量变化	成交额		
豆粕		1705		2,931		2,952		2,867		2,880		2,888		2,904		-8		16		274		2,582		-2,350		795.82		
豆粕		1707		2,905		2,906		2,870		2,885		2,892		2,890		-7		-2		106		1,326		0		306.37		
豆粕		1708		0		0		0		2,883		2,883		2,883		0		0		0		696		0		0		
豆粕		1709		2,870		2,873		2,850		2,861		2,860		2,861		1		1		1,024,048	2,483,980	-31,624		2,930,126.85	
豆粕		1711		2,894		2,894		2,881		2,883		2,884		2,883		-1		-1		22		138		-6		63.43		
豆粕		1712		2,880		2,880		2,880		2,880		2,873		2,880		7		7		2		344		-2		5.76		
豆粕		1801		2,872		2,879		2,858		2,867		2,869		2,867		-2		-2		70,218		371,136		-14,228		201,356.1	
豆粕		1803		2,872		2,872		2,847		2,871		2,868		2,860		3		-8		14		108		-2		40.04		
豆粕小计																			1,094,684	2,860,310	-48,212		3,132,694.38	
总计																				1,094,684	2,860,310	-48,212		3,132,694.38	
