商品名称	交割月份	开盘价		最高价		最低价		收盘价		前结算价	结算价		涨跌		涨跌1		成交量		持仓量		持仓量变化	成交额		
豆粕		1705		2,880		2,910		2,872		2,910		2,904		2,887		6		-17		826		3,016		434		2,385.07	
豆粕		1707		2,887		2,894		2,883		2,889		2,890		2,889		-1		-1		30		1,314		-12		86.67		
豆粕		1708		0		0		0		2,883		2,883		2,883		0		0		0		696		0		0		
豆粕		1709		2,861		2,875		2,848		2,869		2,861		2,864		8		3		1,445,900	2,476,938	-7,042		4,141,063.52	
豆粕		1711		2,876		2,876		2,876		2,876		2,883		2,876		-7		-7		2		138		0		5.75		
豆粕		1712		2,879		2,894		2,877		2,894		2,880		2,884		14		4		36		322		-22		103.83		
豆粕		1801		2,870		2,881		2,858		2,874		2,867		2,871		7		4		83,360		373,972		2,836		239,384.38	
豆粕		1803		2,870		2,870		2,865		2,865		2,860		2,868		5		8		38		110		2		109		
豆粕小计																			1,530,192	2,856,506	-3,804		4,383,138.22	
总计																				1,530,192	2,856,506	-3,804		4,383,138.22	
