商品名称	交割月份	开盘价		最高价		最低价		收盘价		前结算价	结算价		涨跌		涨跌1		成交量		持仓量		持仓量变化	成交额		
豆粕		1705		0		0		0		2,887		2,887		2,887		0		0		0		3,008		-8		0		
豆粕		1707		2,880		2,920		2,870		2,870		2,889		2,895		-19		6		294		1,288		-26		851.17		
豆粕		1708		2,853		2,892		2,853		2,869		2,883		2,880		-14		-3		64		706		10		184.32		
豆粕		1709		2,865		2,888		2,836		2,841		2,864		2,862		-23		-2		2,017,480	2,454,184	-22,754		5,775,794.83	
豆粕		1711		2,887		2,887		2,859		2,859		2,876		2,875		-17		-1		16		138		0		46		
豆粕		1712		2,875		2,875		2,875		2,875		2,884		2,875		-9		-9		2		322		0		5.75		
豆粕		1801		2,870		2,891		2,843		2,849		2,871		2,869		-22		-2		115,962		376,674		2,702		332,768.67	
豆粕		1803		2,876		2,876		2,832		2,836		2,868		2,850		-32		-18		26		110		0		74.1		
豆粕小计																			2,133,844	2,836,430	-20,076		6,109,724.84	
总计																				2,133,844	2,836,430	-20,076		6,109,724.84	
