商品名称	交割月份	开盘价		最高价		最低价		收盘价		前结算价	结算价		涨跌		涨跌1		成交量		持仓量		持仓量变化	成交额		
豆粕		1705		2,835		2,881		2,835		2,871		2,887		2,857		-16		-30		14		3,006		-2		40		
豆粕		1707		2,874		2,895		2,847		2,847		2,895		2,859		-48		-36		80		1,282		-6		228.79		
豆粕		1708		2,880		2,880		2,866		2,866		2,880		2,876		-14		-4		10		706		0		28.76		
豆粕		1709		2,856		2,868		2,816		2,818		2,862		2,842		-44		-20		1,784,408	2,351,434	-102,750	5,071,735.68	
豆粕		1711		2,850		2,850		2,845		2,850		2,875		2,848		-25		-27		6		140		2		17.09		
豆粕		1712		2,864		2,867		2,854		2,854		2,875		2,859		-21		-16		10		326		4		28.6		
豆粕		1801		2,861		2,878		2,832		2,832		2,869		2,854		-37		-15		115,376		398,054		21,380		329,292.77	
豆粕		1803		2,852		2,871		2,830		2,830		2,850		2,850		-20		0		20		116		6		57		
豆粕小计																			1,899,924	2,755,064	-81,366		5,401,428.69	
总计																				1,899,924	2,755,064	-81,366		5,401,428.69	
