商品名称	交割月份	开盘价		最高价		最低价		收盘价		前结算价	结算价		涨跌		涨跌1		成交量		持仓量		持仓量变化	成交额		
豆粕		1705		2,859		2,860		2,840		2,840		2,857		2,856		-17		-1		212		3,006		0		605.59		
豆粕		1707		2,844		2,853		2,842		2,849		2,859		2,847		-10		-12		140		1,228		-54		398.62		
豆粕		1708		2,834		2,844		2,828		2,837		2,876		2,835		-39		-41		16		706		0		45.36		
豆粕		1709		2,822		2,827		2,808		2,817		2,842		2,817		-25		-25		1,026,774	2,341,432	-10,002		2,892,775.8	
豆粕		1711		2,826		2,826		2,826		2,826		2,848		2,826		-22		-22		2		138		-2		5.65		
豆粕		1712		2,847		2,847		2,834		2,834		2,859		2,841		-25		-18		6		328		2		17.05		
豆粕		1801		2,835		2,840		2,823		2,829		2,854		2,831		-25		-23		85,236		410,590		12,536		241,385.46	
豆粕		1803		2,829		2,829		2,825		2,825		2,850		2,826		-25		-24		22		130		14		62.18		
豆粕小计																			1,112,408	2,757,558	2,494		3,135,295.71	
总计																				1,112,408	2,757,558	2,494		3,135,295.71	
