商品名称	交割月份	开盘价		最高价		最低价		收盘价		前结算价	结算价		涨跌		涨跌1		成交量		持仓量		持仓量变化	成交额		
豆粕		1705		2,846		2,846		2,846		2,846		2,856		2,846		-10		-10		20		3,006		0		56.92		
豆粕		1707		2,856		2,865		2,855		2,865		2,847		2,860		18		13		48		1,242		14		137.31		
豆粕		1708		2,849		2,849		2,844		2,849		2,835		2,845		14		10		16		702		-4		45.53		
豆粕		1709		2,819		2,841		2,817		2,838		2,817		2,831		21		14		906,150		2,297,294	-44,138		2,565,906.88	
豆粕		1711		2,857		2,857		2,851		2,852		2,826		2,853		26		27		26		146		8		74.2		
豆粕		1712		2,845		2,863		2,845		2,863		2,841		2,859		22		18		14		318		-10		40.03		
豆粕		1801		2,829		2,855		2,826		2,850		2,831		2,846		19		15		87,912		427,410		16,820		250,225		
豆粕		1803		2,846		2,859		2,846		2,854		2,826		2,854		28		28		76		148		18		216.93		
豆粕小计																			994,262		2,730,266	-27,292		2,816,702.79	
总计																				994,262		2,730,266	-27,292		2,816,702.79	
