商品名称	交割月份	开盘价		最高价		最低价		收盘价		前结算价	结算价		涨跌		涨跌1		成交量		持仓量		持仓量变化	成交额		
豆粕		1705		2,839		2,839		2,839		2,839		2,846		2,839		-7		-7		120		3,006		0		340.68		
豆粕		1707		2,865		2,874		2,834		2,867		2,860		2,860		7		0		102		1,212		-30		291.82		
豆粕		1708		2,860		2,860		2,848		2,848		2,845		2,853		3		8		20		704		2		57.07		
豆粕		1709		2,837		2,846		2,812		2,835		2,831		2,828		4		-3		1,300,712	2,346,480	49,186		3,679,499.73	
豆粕		1711		2,863		2,875		2,835		2,849		2,853		2,857		-4		4		18		152		6		51.44		
豆粕		1712		2,859		2,859		2,859		2,859		2,859		2,859		0		0		6		318		0		17.15		
豆粕		1801		2,845		2,862		2,832		2,853		2,846		2,846		7		0		118,906		444,506		17,096		338,438.36	
豆粕		1803		2,855		2,856		2,838		2,838		2,854		2,852		-16		-2		20		154		6		57.05		
豆粕小计																			1,419,904	2,796,532	66,266		4,018,753.29	
总计																				1,419,904	2,796,532	66,266		4,018,753.29	
