商品名称	交割月份	开盘价		最高价		最低价		收盘价		前结算价	结算价		涨跌		涨跌1		成交量		持仓量		持仓量变化	成交额		
豆粕		1705		2,830		2,830		2,830		2,830		2,839		2,830		-9		-9		2,520		3,006		0		7,131.6		
豆粕		1707		2,855		2,858		2,828		2,828		2,860		2,847		-32		-13		56		1,200		-12		159.43		
豆粕		1708		2,839		2,839		2,804		2,813		2,853		2,820		-40		-33		8		706		2		22.56		
豆粕		1709		2,829		2,833		2,788		2,792		2,828		2,807		-36		-21		1,545,332	2,434,192	87,712		4,339,044.03	
豆粕		1711		2,845		2,845		2,821		2,821		2,857		2,831		-36		-26		14		154		2		39.64		
豆粕		1712		2,835		2,846		2,830		2,830		2,859		2,837		-29		-22		6		318		0		17.02		
豆粕		1801		2,853		2,853		2,808		2,811		2,846		2,823		-35		-23		129,222		472,108		27,602		364,850.11	
豆粕		1803		2,840		2,840		2,818		2,818		2,852		2,829		-34		-23		4		156		2		11.32		
豆粕小计																			1,677,162	2,911,840	115,308		4,711,275.71	
总计																				1,677,162	2,911,840	115,308		4,711,275.71	
