商品名称	交割月份	开盘价		最高价		最低价		收盘价		前结算价	结算价		涨跌		涨跌1		成交量		持仓量		持仓量变化	成交额		
豆粕		1705		0		0		0		2,865		2,830		2,865		35		35		486		0		-3,006		1,392.39	
豆粕		1707		2,825		2,836		2,821		2,823		2,847		2,828		-24		-19		440		1,258		58		1,244.51	
豆粕		1708		2,810		2,810		2,790		2,801		2,820		2,802		-19		-18		8		708		2		22.42		
豆粕		1709		2,794		2,798		2,778		2,781		2,807		2,787		-26		-20		1,091,052	2,455,252	21,060		3,041,482.49	
豆粕		1711		2,796		2,809		2,794		2,808		2,831		2,804		-23		-27		30		176		22		84.13		
豆粕		1712		0		0		0		2,837		2,837		2,837		0		0		0		318		0		0		
豆粕		1801		2,811		2,818		2,801		2,804		2,823		2,809		-19		-14		79,254		485,920		13,812		222,674.05	
豆粕		1803		2,810		2,810		2,807		2,807		2,829		2,808		-22		-21		10		160		4		28.08		
豆粕小计																			1,171,280	2,943,792	31,952		3,266,928.08	
总计																				1,171,280	2,943,792	31,952		3,266,928.08	
