商品名称	交割月份	开盘价		最高价		最低价		收盘价		前结算价	结算价		涨跌		涨跌1		成交量		持仓量		持仓量变化	成交额		
豆粕		1707		2,831		2,834		2,801		2,814		2,828		2,815		-14		-13		396		1,278		20		1,114.76	
豆粕		1708		2,802		2,802		2,772		2,785		2,802		2,778		-17		-24		118		754		46		327.92		
豆粕		1709		2,791		2,796		2,758		2,772		2,787		2,774		-15		-13		1,151,504	2,509,790	54,538		3,195,285.65	
豆粕		1711		2,815		2,815		2,785		2,792		2,804		2,797		-12		-7		6		176		0		16.78		
豆粕		1712		2,795		2,795		2,795		2,795		2,837		2,795		-42		-42		2		318		0		5.59		
豆粕		1801		2,812		2,818		2,779		2,791		2,809		2,796		-18		-13		133,914		512,654		26,734		374,445.2	
豆粕		1803		2,804		2,820		2,772		2,773		2,808		2,791		-35		-17		76		162		2		212.17		
豆粕		1805		2,751		2,771		2,728		2,738		2,808		2,741		-70		-67		13,510		10,938		10,938		37,034.87	
豆粕小计																			1,299,526	3,036,070	92,278		3,608,442.95	
总计																				1,299,526	3,036,070	92,278		3,608,442.95	
