商品名称	交割月份	开盘价		最高价		最低价		收盘价		前结算价	结算价		涨跌		涨跌1		成交量		持仓量		持仓量变化	成交额		
豆粕		1707		2,831		2,862		2,819		2,843		2,815		2,841		28		26		442		1,358		80		1,255.84	
豆粕		1708		2,804		2,825		2,804		2,825		2,778		2,817		47		39		30		750		-4		84.53		
豆粕		1709		2,778		2,814		2,774		2,809		2,774		2,795		35		21		1,127,932	2,362,248	-147,542	3,153,697.29	
豆粕		1711		2,822		2,836		2,822		2,831		2,797		2,830		34		33		36		202		26		101.89		
豆粕		1712		2,826		2,835		2,821		2,835		2,795		2,825		40		30		48		306		-12		135.62		
豆粕		1801		2,796		2,831		2,794		2,827		2,796		2,814		31		18		102,658		506,048		-6,606		288,880.39	
豆粕		1803		2,799		2,820		2,796		2,820		2,791		2,807		29		16		24		164		2		67.38		
豆粕		1805		2,740		2,778		2,740		2,774		2,741		2,760		33		19		9,226		13,874		2,936		25,467.97	
豆粕小计																			1,240,396	2,884,950	-151,120	3,469,690.91	
总计																				1,240,396	2,884,950	-151,120	3,469,690.91	
