商品名称	交割月份	开盘价		最高价		最低价		收盘价		前结算价	结算价		涨跌		涨跌1		成交量		持仓量		持仓量变化	成交额		
豆粕		1707		2,841		2,843		2,801		2,810		2,841		2,816		-31		-25		114		1,306		-52		321.06		
豆粕		1708		2,816		2,816		2,781		2,783		2,817		2,800		-34		-17		18		750		0		50.41		
豆粕		1709		2,814		2,816		2,755		2,768		2,795		2,778		-27		-17		1,232,404	2,403,338	41,090		3,424,040.61	
豆粕		1711		2,793		2,793		2,791		2,792		2,830		2,792		-38		-38		10		202		0		27.92		
豆粕		1712		2,801		2,810		2,801		2,802		2,825		2,803		-23		-22		36		328		22		100.93		
豆粕		1801		2,823		2,834		2,777		2,794		2,814		2,797		-20		-17		106,740		533,512		27,464		298,643.29	
豆粕		1803		2,813		2,813		2,777		2,787		2,807		2,785		-20		-22		52		162		-2		144.85		
豆粕		1805		2,776		2,778		2,738		2,751		2,760		2,751		-9		-9		8,392		17,742		3,868		23,089.3	
豆粕小计																			1,347,766	2,957,340	72,390		3,746,418.37	
总计																				1,347,766	2,957,340	72,390		3,746,418.37	
