商品名称	交割月份	开盘价		最高价		最低价		收盘价		前结算价	结算价		涨跌		涨跌1		成交量		持仓量		持仓量变化	成交额		
豆粕		1707		2,765		2,800		2,765		2,784		2,816		2,786		-32		-30		142		1,290		-16		395.64		
豆粕		1708		2,763		2,770		2,745		2,751		2,800		2,759		-49		-41		24		748		-2		66.22		
豆粕		1709		2,751		2,764		2,732		2,737		2,778		2,744		-41		-34		1,705,320	2,529,628	126,290		4,680,682.91	
豆粕		1711		2,774		2,778		2,759		2,760		2,792		2,770		-32		-22		28		204		2		77.58		
豆粕		1712		2,791		2,791		2,776		2,776		2,803		2,782		-27		-21		12		326		-2		33.39		
豆粕		1801		2,775		2,791		2,763		2,768		2,797		2,773		-29		-24		157,428		561,380		27,868		436,559.26	
豆粕		1803		2,773		2,775		2,751		2,769		2,785		2,769		-16		-16		48		190		28		132.94		
豆粕		1805		2,745		2,754		2,726		2,736		2,751		2,738		-15		-13		12,406		23,502		5,760		33,970.14	
豆粕小计																			1,875,408	3,117,268	159,928		5,151,918.07	
总计																				1,875,408	3,117,268	159,928		5,151,918.07	
