商品名称	交割月份	开盘价		最高价		最低价		收盘价		前结算价	结算价		涨跌		涨跌1		成交量		持仓量		持仓量变化	成交额		
豆粕		1707		2,801		2,814		2,778		2,795		2,786		2,795		9		9		126		1,252		-38		352.18		
豆粕		1708		2,763		2,775		2,749		2,760		2,759		2,760		1		1		42		748		0		115.96		
豆粕		1709		2,741		2,764		2,727		2,750		2,744		2,747		6		3		1,534,324	2,567,968	38,340		4,215,065.52	
豆粕		1711		2,773		2,790		2,764		2,780		2,770		2,769		10		-1		78		248		44		216.01		
豆粕		1712		2,780		2,792		2,780		2,792		2,782		2,785		10		3		20		326		0		55.7		
豆粕		1801		2,771		2,791		2,758		2,776		2,773		2,776		3		3		106,002		564,572		3,192		294,345.12	
豆粕		1803		2,763		2,775		2,762		2,762		2,769		2,766		-7		-3		22		202		12		60.87		
豆粕		1805		2,736		2,750		2,727		2,742		2,738		2,741		4		3		6,352		24,594		1,092		17,411.68	
豆粕小计																			1,646,966	3,159,910	42,642		4,527,623.03	
总计																				1,646,966	3,159,910	42,642		4,527,623.03	
