商品名称	交割月份	开盘价		最高价		最低价		收盘价		前结算价	结算价		涨跌		涨跌1		成交量		持仓量		持仓量变化	成交额		
豆粕		1707		2,782		2,798		2,782		2,783		2,795		2,788		-12		-7		18		1,252		0		50.2		
豆粕		1708		2,760		2,763		2,751		2,751		2,760		2,759		-9		-1		40		734		-14		110.38		
豆粕		1709		2,749		2,755		2,734		2,742		2,747		2,745		-5		-2		873,936		2,569,754	1,786		2,398,979.36	
豆粕		1711		2,770		2,778		2,742		2,756		2,769		2,769		-13		0		58		280		32		160.61		
豆粕		1712		0		0		0		2,780		2,785		2,780		-5		-5		0		326		0		0		
豆粕		1801		2,789		2,789		2,763		2,770		2,776		2,772		-6		-4		88,866		566,070		1,498		246,353.78	
豆粕		1803		2,761		2,761		2,761		2,761		2,766		2,761		-5		-5		2		202		0		5.52		
豆粕		1805		2,738		2,746		2,730		2,734		2,741		2,739		-7		-2		5,934		25,700		1,106		16,254.47	
豆粕小计																			968,854		3,164,318	4,408		2,661,914.32	
总计																				968,854		3,164,318	4,408		2,661,914.32	
