商品名称	交割月份	开盘价		最高价		最低价		收盘价		前结算价	结算价		涨跌		涨跌1		成交量		持仓量		持仓量变化	成交额		
豆粕		1707		2,784		2,785		2,763		2,772		2,788		2,769		-16		-19		70		1,252		0		193.88		
豆粕		1708		2,740		2,756		2,729		2,751		2,759		2,743		-8		-16		18		730		-4		49.38		
豆粕		1709		2,741		2,748		2,710		2,733		2,745		2,728		-12		-17		1,680,706	2,638,990	69,236		4,586,253.65	
豆粕		1711		2,765		2,774		2,741		2,763		2,769		2,756		-6		-13		32		262		-18		88.2		
豆粕		1712		2,746		2,759		2,746		2,759		2,780		2,752		-21		-28		4		326		0		11.01		
豆粕		1801		2,773		2,778		2,743		2,764		2,772		2,758		-8		-14		122,114		583,278		17,208		336,842.96	
豆粕		1803		0		0		0		2,761		2,761		2,761		0		0		0		202		0		0		
豆粕		1805		2,731		2,748		2,717		2,735		2,739		2,727		-4		-12		14,732		31,394		5,694		40,177.96	
豆粕小计																			1,817,676	3,256,434	92,116		4,963,617.03	
总计																				1,817,676	3,256,434	92,116		4,963,617.03	
