商品名称	交割月份	开盘价		最高价		最低价		收盘价		前结算价	结算价		涨跌		涨跌1		成交量		持仓量		持仓量变化	成交额		
豆粕		1707		2,785		2,785		2,774		2,781		2,769		2,781		12		12		50		1,250		-2		139.09		
豆粕		1708		2,740		2,750		2,737		2,737		2,743		2,742		-6		-1		6		728		-2		16.45		
豆粕		1709		2,739		2,741		2,725		2,732		2,728		2,733		4		5		712,340		2,623,854	-15,136		1,946,862.64	
豆粕		1711		0		0		0		2,756		2,756		2,756		0		0		0		262		0		0		
豆粕		1712		0		0		0		2,752		2,752		2,752		0		0		0		326		0		0		
豆粕		1801		2,766		2,773		2,756		2,763		2,758		2,765		5		7		62,076		580,702		-2,576		171,658.56	
豆粕		1803		2,754		2,754		2,754		2,754		2,761		2,754		-7		-7		2		202		0		5.51		
豆粕		1805		2,732		2,741		2,728		2,733		2,727		2,734		6		7		3,990		32,918		1,524		10,910.15	
豆粕小计																			778,464		3,240,242	-16,192		2,129,592.41	
总计																				778,464		3,240,242	-16,192		2,129,592.41	
