商品名称	交割月份	开盘价		最高价		最低价		收盘价		前结算价	结算价		涨跌		涨跌1		成交量		持仓量		持仓量变化	成交额		
豆粕		1707		2,751		2,754		2,744		2,754		2,781		2,750		-27		-31		40		1,248		-2		110.01		
豆粕		1708		2,732		2,732		2,707		2,715		2,742		2,714		-27		-28		68		730		2		184.59		
豆粕		1709		2,730		2,735		2,690		2,700		2,733		2,706		-33		-27		1,365,232	2,712,432	88,578		3,695,251.17	
豆粕		1711		2,726		2,731		2,726		2,728		2,756		2,727		-28		-29		14		254		-8		38.19		
豆粕		1712		2,735		2,735		2,735		2,735		2,752		2,735		-17		-17		4		326		0		10.94		
豆粕		1801		2,767		2,767		2,721		2,730		2,765		2,737		-35		-28		122,874		603,122		22,420		336,352.55	
豆粕		1803		2,722		2,726		2,722		2,726		2,754		2,724		-28		-30		6		202		0		16.35		
豆粕		1805		2,740		2,740		2,699		2,704		2,734		2,709		-30		-25		7,176		35,916		2,998		19,446.38	
豆粕小计																			1,495,414	3,354,230	113,988		4,051,410.17	
总计																				1,495,414	3,354,230	113,988		4,051,410.17	
