商品名称	交割月份	开盘价		最高价		最低价		收盘价		前结算价	结算价		涨跌		涨跌1		成交量		持仓量		持仓量变化	成交额		
豆粕		1707		2,709		2,719		2,653		2,660		2,750		2,673		-90		-77		352		1,296		48		940.95		
豆粕		1708		2,715		2,715		2,632		2,635		2,714		2,664		-79		-50		16		726		-4		42.63		
豆粕		1709		2,668		2,672		2,604		2,613		2,706		2,635		-93		-71		1,518,098	2,753,026	40,594		4,000,332.91	
豆粕		1711		2,686		2,686		2,632		2,632		2,727		2,657		-95		-70		16		254		0		42.52		
豆粕		1712		2,698		2,701		2,656		2,656		2,735		2,687		-79		-48		20		324		-2		53.75		
豆粕		1801		2,711		2,711		2,644		2,652		2,737		2,673		-85		-64		150,836		615,888		12,766		403,227.03	
豆粕		1803		2,687		2,697		2,657		2,657		2,724		2,691		-67		-33		26		206		4		69.98		
豆粕		1805		2,695		2,695		2,629		2,635		2,709		2,650		-74		-59		19,700		43,070		7,154		52,221.17	
豆粕小计																			1,689,064	3,414,790	60,560		4,456,930.93	
总计																				1,689,064	3,414,790	60,560		4,456,930.93	
