商品名称	交割月份	开盘价		最高价		最低价		收盘价		前结算价	结算价		涨跌		涨跌1		成交量		持仓量		持仓量变化	成交额		
豆粕		1707		2,673		2,677		2,660		2,665		2,673		2,665		-8		-8		1,056		1,746		450		2,814.95	
豆粕		1708		0		0		0		2,642		2,664		2,642		-22		-22		0		726		0		0		
豆粕		1709		2,618		2,632		2,614		2,629		2,635		2,623		-6		-12		951,688		2,720,494	-32,532		2,496,869.68	
豆粕		1711		2,642		2,661		2,640		2,655		2,657		2,646		-2		-11		24		254		0		63.51		
豆粕		1712		2,654		2,737		2,649		2,737		2,687		2,699		50		12		74		380		56		199.75		
豆粕		1801		2,665		2,666		2,650		2,665		2,673		2,659		-8		-14		96,366		618,786		2,898		256,269.77	
豆粕		1803		2,650		2,655		2,646		2,648		2,691		2,649		-43		-42		22		216		10		58.28		
豆粕		1805		2,641		2,645		2,631		2,637		2,650		2,637		-13		-13		7,358		45,972		2,902		19,409.01	
豆粕小计																			1,056,588	3,388,574	-26,216		2,775,684.94	
总计																				1,056,588	3,388,574	-26,216		2,775,684.94	
