商品名称	交割月份	开盘价		最高价		最低价		收盘价		前结算价	结算价		涨跌		涨跌1		成交量		持仓量		持仓量变化	成交额		
豆粕		1707		2,665		2,682		2,608		2,608		2,665		2,647		-57		-18		304		1,734		-12		804.7		
豆粕		1708		2,625		2,637		2,618		2,633		2,642		2,625		-9		-17		96		684		-42		252.07		
豆粕		1709		2,637		2,650		2,610		2,627		2,623		2,630		4		7		1,005,804	2,680,396	-40,098		2,645,398.15	
豆粕		1711		2,643		2,657		2,643		2,657		2,646		2,650		11		4		4		250		-4		10.6		
豆粕		1712		2,678		2,680		2,659		2,662		2,699		2,672		-37		-27		90		354		-26		240.54		
豆粕		1801		2,670		2,685		2,644		2,662		2,659		2,664		3		5		90,858		624,036		5,250		242,113.83	
豆粕		1803		2,656		2,669		2,636		2,653		2,649		2,649		4		0		24		230		14		63.59		
豆粕		1805		2,640		2,656		2,622		2,636		2,637		2,633		-1		-4		13,546		52,308		6,336		35,676.06	
豆粕小计																			1,110,726	3,359,992	-28,582		2,924,559.54	
总计																				1,110,726	3,359,992	-28,582		2,924,559.54	
