商品名称	交割月份	开盘价		最高价		最低价		收盘价		前结算价	结算价		涨跌		涨跌1		成交量		持仓量		持仓量变化	成交额		
豆粕		1707		2,635		2,655		2,609		2,627		2,647		2,641		-20		-6		668		1,822		88		1,764.72	
豆粕		1708		2,634		2,664		2,634		2,645		2,625		2,647		20		22		72		674		-10		190.59		
豆粕		1709		2,633		2,670		2,630		2,650		2,630		2,655		20		25		1,307,918	2,631,062	-49,334		3,472,696.8	
豆粕		1711		2,678		2,704		2,676		2,688		2,650		2,687		38		37		14		250		0		37.62		
豆粕		1712		2,675		2,693		2,671		2,671		2,672		2,685		-1		13		28		372		18		75.2		
豆粕		1801		2,662		2,700		2,662		2,683		2,664		2,686		19		22		116,632		617,272		-6,764		313,285.45	
豆粕		1803		2,675		2,675		2,672		2,672		2,649		2,673		23		24		10		238		8		26.73		
豆粕		1805		2,641		2,669		2,638		2,654		2,633		2,655		21		22		12,014		55,800		3,492		31,903.02	
豆粕小计																			1,437,356	3,307,490	-52,502		3,819,980.13	
总计																				1,437,356	3,307,490	-52,502		3,819,980.13	
