商品名称	交割月份	开盘价		最高价		最低价		收盘价		前结算价	结算价		涨跌		涨跌1		成交量		持仓量		持仓量变化	成交额		
豆粕		1707		2,612		2,641		2,612		2,627		2,641		2,628		-14		-13		208		1,826		4		546.68		
豆粕		1708		2,626		2,663		2,626		2,647		2,647		2,648		0		1		38		658		-16		100.66		
豆粕		1709		2,655		2,665		2,642		2,650		2,655		2,652		-5		-3		842,032		2,614,600	-16,462		2,233,694.71	
豆粕		1711		2,678		2,684		2,678		2,679		2,687		2,680		-8		-7		16		244		-6		42.89		
豆粕		1712		2,678		2,678		2,678		2,678		2,685		2,678		-7		-7		2		370		-2		5.36		
豆粕		1801		2,685		2,698		2,675		2,685		2,686		2,686		-1		0		65,876		627,750		10,478		176,973.4	
豆粕		1803		2,669		2,669		2,669		2,669		2,673		2,669		-4		-4		6		244		6		16.01		
豆粕		1805		2,654		2,669		2,646		2,655		2,655		2,657		0		2		10,988		60,900		5,100		29,201.1	
豆粕小计																			919,166		3,306,592	-898		2,440,580.81	
总计																				919,166		3,306,592	-898		2,440,580.81	
