商品名称	交割月份	开盘价		最高价		最低价		收盘价		前结算价	结算价		涨跌		涨跌1		成交量		持仓量		持仓量变化	成交额		
豆粕		1707		2,618		2,663		2,618		2,631		2,628		2,628		3		0		4,432		2,096		270		11,647.35	
豆粕		1708		2,668		2,668		2,645		2,658		2,648		2,659		10		11		50		616		-42		132.95		
豆粕		1709		2,652		2,685		2,647		2,664		2,652		2,668		12		16		1,282,134	2,617,972	3,372		3,421,344.52	
豆粕		1711		2,720		2,720		2,689		2,689		2,680		2,703		9		23		6		246		2		16.22		
豆粕		1712		2,719		2,744		2,689		2,690		2,678		2,698		12		20		70		360		-10		188.86		
豆粕		1801		2,686		2,718		2,681		2,701		2,686		2,704		15		18		156,600		627,204		-546		423,523.88	
豆粕		1803		2,675		2,702		2,675		2,696		2,669		2,692		27		23		8		246		2		21.54		
豆粕		1805		2,654		2,681		2,650		2,662		2,657		2,666		5		9		11,192		62,912		2,012		29,844.49	
豆粕小计																			1,454,492	3,311,652	5,060		3,886,719.81	
总计																				1,454,492	3,311,652	5,060		3,886,719.81	
