商品名称	交割月份	开盘价		最高价		最低价		收盘价		前结算价	结算价		涨跌		涨跌1		成交量		持仓量		持仓量变化	成交额		
豆粕		1707		2,648		2,648		2,630		2,635		2,628		2,635		7		7		738		1,616		-480		1,944.94	
豆粕		1708		2,675		2,698		2,675		2,680		2,659		2,680		21		21		160		584		-32		428.95		
豆粕		1709		2,675		2,688		2,668		2,685		2,668		2,679		17		11		1,100,954	2,638,308	20,336		2,949,662.52	
豆粕		1711		2,619		2,712		2,619		2,712		2,703		2,694		9		-9		18		246		0		48.49		
豆粕		1712		2,707		2,721		2,703		2,707		2,698		2,709		9		11		118		370		10		319.67		
豆粕		1801		2,710		2,723		2,705		2,721		2,704		2,715		17		11		108,608		639,620		12,416		294,903.09	
豆粕		1803		2,689		2,698		2,689		2,697		2,692		2,695		5		3		18		262		16		48.51		
豆粕		1805		2,668		2,687		2,668		2,684		2,666		2,678		18		12		14,538		71,110		8,198		38,934.39	
豆粕小计																			1,225,152	3,352,116	40,464		3,286,290.57	
总计																				1,225,152	3,352,116	40,464		3,286,290.57	
