商品名称	交割月份	开盘价		最高价		最低价		收盘价		前结算价	结算价		涨跌		涨跌1		成交量		持仓量		持仓量变化	成交额		
豆粕		1707		2,635		2,653		2,635		2,642		2,635		2,643		7		8		324		1,550		-66		856.46		
豆粕		1708		2,686		2,719		2,683		2,683		2,680		2,693		3		13		24		580		-4		64.64		
豆粕		1709		2,690		2,708		2,685		2,686		2,679		2,693		7		14		1,054,008	2,584,416	-53,892		2,838,956.02	
豆粕		1711		2,712		2,718		2,694		2,694		2,694		2,711		0		17		16		238		-8		43.38		
豆粕		1712		2,722		2,722		2,722		2,722		2,709		2,722		13		13		2		368		-2		5.44		
豆粕		1801		2,729		2,744		2,720		2,721		2,715		2,729		6		14		135,558		649,292		9,672		369,940.96	
豆粕		1803		2,714		2,714		2,704		2,704		2,695		2,709		9		14		4		262		0		10.84		
豆粕		1805		2,688		2,700		2,678		2,681		2,678		2,685		3		7		14,112		75,616		4,506		37,901.89	
豆粕小计																			1,204,048	3,312,322	-39,794		3,247,779.64	
总计																				1,204,048	3,312,322	-39,794		3,247,779.64	
