商品名称	交割月份	开盘价		最高价		最低价		收盘价		前结算价	结算价		涨跌		涨跌1		成交量		持仓量		持仓量变化	成交额		
豆粕		1707		2,630		2,630		2,610		2,612		2,643		2,627		-31		-16		96		1,468		-82		252.27		
豆粕		1708		2,686		2,686		2,669		2,674		2,693		2,674		-19		-19		38		578		-2		101.61		
豆粕		1709		2,693		2,697		2,665		2,677		2,693		2,679		-16		-14		1,291,808	2,581,412	-3,004		3,461,463.94	
豆粕		1711		2,704		2,705		2,671		2,690		2,711		2,691		-21		-20		108		248		10		290.66		
豆粕		1712		0		0		0		2,705		2,722		2,705		-17		-17		0		368		0		0		
豆粕		1801		2,729		2,732		2,703		2,713		2,729		2,716		-16		-13		161,024		671,134		21,842		437,409.54	
豆粕		1803		2,684		2,684		2,684		2,684		2,709		2,684		-25		-25		4		260		-2		10.74		
豆粕		1805		2,685		2,693		2,668		2,677		2,685		2,678		-8		-7		10,342		77,526		1,910		27,705.71	
豆粕小计																			1,463,420	3,332,994	20,672		3,927,234.47	
总计																				1,463,420	3,332,994	20,672		3,927,234.47	
