商品名称	交割月份	开盘价		最高价		最低价		收盘价		前结算价	结算价		涨跌		涨跌1		成交量		持仓量		持仓量变化	成交额		
豆粕		1707		2,602		2,602		2,575		2,581		2,627		2,585		-46		-42		48		1,438		-30		124.09		
豆粕		1708		2,637		2,675		2,636		2,660		2,674		2,661		-14		-13		372		660		82		990.17		
豆粕		1709		2,668		2,668		2,647		2,663		2,679		2,656		-16		-23		1,148,508	2,552,284	-29,128		3,051,294.62	
豆粕		1711		2,665		2,677		2,665		2,672		2,691		2,671		-19		-20		32		248		0		85.5		
豆粕		1712		2,690		2,690		2,679		2,684		2,705		2,682		-21		-23		86		414		46		230.73		
豆粕		1801		2,704		2,704		2,685		2,699		2,716		2,695		-17		-21		120,216		691,398		20,264		324,036.24	
豆粕		1803		0		0		0		2,682		2,684		2,682		-2		-2		0		260		0		0		
豆粕		1805		2,668		2,669		2,653		2,661		2,678		2,660		-17		-18		10,622		81,910		4,384		28,258.58	
豆粕小计																			1,279,884	3,328,612	-4,382		3,405,019.92	
总计																				1,279,884	3,328,612	-4,382		3,405,019.92	
