商品名称	交割月份	开盘价		最高价		最低价		收盘价		前结算价	结算价		涨跌		涨跌1		成交量		持仓量		持仓量变化	成交额		
豆粕		1707		2,595		2,596		2,585		2,585		2,585		2,591		0		6		16		1,424		-14		41.47		
豆粕		1708		2,663		2,682		2,663		2,666		2,661		2,668		5		7		74		638		-22		197.5		
豆粕		1709		2,664		2,689		2,663		2,680		2,656		2,676		24		20		984,284		2,538,772	-13,512		2,634,862.12	
豆粕		1711		2,685		2,696		2,685		2,685		2,671		2,687		14		16		16		256		8		43		
豆粕		1712		2,693		2,695		2,692		2,693		2,682		2,693		11		11		38		440		26		102.34		
豆粕		1801		2,700		2,726		2,700		2,715		2,695		2,713		20		18		135,664		672,106		-19,292		368,085.22	
豆粕		1803		2,688		2,695		2,687		2,692		2,682		2,691		10		9		46		266		6		123.8		
豆粕		1805		2,661		2,685		2,661		2,675		2,660		2,673		15		13		7,674		83,778		1,868		20,516.51	
豆粕小计																			1,127,812	3,297,680	-30,932		3,023,971.96	
总计																				1,127,812	3,297,680	-30,932		3,023,971.96	
