商品名称	交割月份	开盘价		最高价		最低价		收盘价		前结算价	结算价		涨跌		涨跌1		成交量		持仓量		持仓量变化	成交额		
豆粕		1707		2,559		2,579		2,475		2,579		2,591		2,546		-12		-45		134		1,360		-64		341.26		
豆粕		1708		2,669		2,691		2,546		2,649		2,668		2,629		-19		-39		68		624		-14		178.83		
豆粕		1709		2,680		2,689		2,651		2,664		2,676		2,665		-12		-11		1,232,390	2,594,886	56,114		3,284,996.32	
豆粕		1711		2,693		2,693		2,661		2,674		2,687		2,675		-13		-12		10		254		-2		26.76		
豆粕		1712		2,685		2,685		2,685		2,685		2,693		2,685		-8		-8		6		442		2		16.11		
豆粕		1801		2,716		2,725		2,690		2,701		2,713		2,703		-12		-10		148,432		695,650		23,544		401,255.11	
豆粕		1803		2,699		2,699		2,678		2,678		2,691		2,688		-13		-3		4		268		2		10.75		
豆粕		1805		2,676		2,681		2,650		2,661		2,673		2,658		-12		-15		16,802		94,408		10,630		44,669.2	
豆粕小计																			1,397,846	3,387,892	90,212		3,731,494.34	
总计																				1,397,846	3,387,892	90,212		3,731,494.34	
