商品名称	交割月份	开盘价		最高价		最低价		收盘价		前结算价	结算价		涨跌		涨跌1		成交量		持仓量		持仓量变化	成交额		
豆粕		1707		2,577		2,609		2,574		2,600		2,546		2,588		54		42		68		1,310		-50		175.99		
豆粕		1708		2,639		2,681		2,639		2,665		2,629		2,661		36		32		250		704		80		665.25		
豆粕		1709		2,655		2,705		2,645		2,687		2,665		2,680		22		15		1,379,718	2,521,732	-73,154		3,697,664.22	
豆粕		1711		2,676		2,708		2,676		2,708		2,675		2,697		33		22		20		254		0		53.94		
豆粕		1712		2,694		2,703		2,694		2,702		2,685		2,698		17		13		8		446		4		21.59		
豆粕		1801		2,695		2,740		2,683		2,722		2,703		2,717		19		14		178,538		682,624		-13,026		485,152.64	
豆粕		1803		2,681		2,741		2,681		2,705		2,688		2,712		17		24		26		280		12		70.53		
豆粕		1805		2,658		2,699		2,647		2,682		2,658		2,674		24		16		13,676		93,910		-498		36,579.61	
豆粕小计																			1,572,304	3,301,260	-86,632		4,220,383.77	
总计																				1,572,304	3,301,260	-86,632		4,220,383.77	
