商品名称	交割月份	开盘价		最高价		最低价		收盘价		前结算价	结算价		涨跌		涨跌1		成交量		持仓量		持仓量变化	成交额		
豆粕		1707		2,617		2,661		2,566		2,618		2,588		2,619		30		31		208		1,214		-96		544.92		
豆粕		1708		2,665		2,721		2,655		2,683		2,661		2,672		22		11		70		700		-4		187.1		
豆粕		1709		2,692		2,731		2,677		2,709		2,680		2,704		29		24		1,558,108	2,484,560	-37,172		4,214,121.48	
豆粕		1711		2,701		2,750		2,701		2,715		2,697		2,714		18		17		22		260		6		59.72		
豆粕		1712		2,717		2,724		2,710		2,724		2,698		2,717		26		19		12		448		2		32.6		
豆粕		1801		2,721		2,762		2,711		2,743		2,717		2,735		26		18		185,156		690,760		8,136		506,552.06	
豆粕		1803		2,702		2,728		2,701		2,714		2,712		2,711		2		-1		36		300		20		97.6		
豆粕		1805		2,681		2,714		2,668		2,698		2,674		2,687		24		13		26,940		84,746		-9,164		72,405.62	
豆粕小计																			1,770,552	3,262,988	-38,272		4,794,001.12	
总计																				1,770,552	3,262,988	-38,272		4,794,001.12	
