商品名称	交割月份	开盘价		最高价		最低价		收盘价		前结算价	结算价		涨跌		涨跌1		成交量		持仓量		持仓量变化	成交额		
豆粕		1707		2,660		2,691		2,643		2,654		2,619		2,665		35		46		78		1,196		-18		207.88		
豆粕		1708		2,687		2,687		2,670		2,687		2,672		2,683		15		11		30		684		-16		80.51		
豆粕		1709		2,708		2,716		2,693		2,711		2,704		2,705		7		1		915,068		2,423,798	-60,762		2,476,153.03	
豆粕		1711		2,716		2,717		2,706		2,706		2,714		2,712		-8		-2		24		266		6		65.11		
豆粕		1712		0		0		0		2,717		2,717		2,717		0		0		0		448		0		0		
豆粕		1801		2,743		2,751		2,727		2,744		2,735		2,739		9		4		148,296		701,734		10,974		406,305.01	
豆粕		1803		2,710		2,712		2,703		2,710		2,711		2,708		-1		-3		16		312		12		43.34		
豆粕		1805		2,694		2,704		2,683		2,698		2,687		2,694		11		7		9,408		85,946		1,200		25,352.93	
豆粕小计																			1,072,920	3,214,384	-48,604		2,908,207.81	
总计																				1,072,920	3,214,384	-48,604		2,908,207.81	
