商品名称	交割月份	开盘价		最高价		最低价		收盘价		前结算价	结算价		涨跌		涨跌1		成交量		持仓量		持仓量变化	成交额		
豆粕		1707		2,653		2,653		2,633		2,652		2,665		2,641		-13		-24		14		1,192		-4		36.98		
豆粕		1708		2,670		2,683		2,668		2,668		2,683		2,673		-15		-10		28		678		-6		74.85		
豆粕		1709		2,700		2,703		2,684		2,696		2,705		2,693		-9		-12		898,338		2,431,078	7,280		2,420,108.89	
豆粕		1711		2,693		2,702		2,693		2,700		2,712		2,698		-12		-14		12		260		-6		32.38		
豆粕		1712		2,712		2,712		2,712		2,712		2,717		2,712		-5		-5		6		450		2		16.27		
豆粕		1801		2,738		2,738		2,713		2,724		2,739		2,723		-15		-16		115,128		700,614		-1,120		313,512.23	
豆粕		1803		2,689		2,689		2,689		2,689		2,708		2,689		-19		-19		2		312		0		5.38		
豆粕		1805		2,692		2,692		2,674		2,680		2,694		2,680		-14		-14		11,774		90,526		4,580		31,558.63	
豆粕小计																			1,025,302	3,225,110	10,726		2,765,345.63	
总计																				1,025,302	3,225,110	10,726		2,765,345.63	
