商品名称	交割月份	开盘价		最高价		最低价		收盘价		前结算价	结算价		涨跌		涨跌1		成交量		持仓量		持仓量变化	成交额		
豆粕		1707		2,600		2,619		2,600		2,618		2,641		2,608		-23		-33		18		1,184		-8		46.95		
豆粕		1708		2,672		2,675		2,648		2,652		2,673		2,669		-21		-4		102		656		-22		272.25		
豆粕		1709		2,696		2,703		2,655		2,658		2,693		2,674		-35		-19		1,203,530	2,457,152	26,074		3,218,487.91	
豆粕		1711		2,664		2,664		2,664		2,664		2,698		2,664		-34		-34		10		260		0		26.64		
豆粕		1712		0		0		0		2,712		2,712		2,712		0		0		0		450		0		0		
豆粕		1801		2,723		2,730		2,680		2,687		2,723		2,696		-36		-27		216,570		701,236		622		584,082.37	
豆粕		1803		2,679		2,679		2,661		2,661		2,689		2,664		-28		-25		12		312		0		31.97		
豆粕		1805		2,680		2,686		2,643		2,649		2,680		2,655		-31		-25		17,584		99,872		9,346		46,701.53	
豆粕小计																			1,437,826	3,261,122	36,012		3,849,649.61	
总计																				1,437,826	3,261,122	36,012		3,849,649.61	
