商品名称	交割月份	开盘价		最高价		最低价		收盘价		前结算价	结算价		涨跌		涨跌1		成交量		持仓量		持仓量变化	成交额		
豆粕		1707		2,599		2,600		2,555		2,555		2,608		2,587		-53		-21		26		1,174		-10		67.28		
豆粕		1708		2,647		2,647		2,633		2,642		2,669		2,641		-27		-28		36		648		-8		95.08		
豆粕		1709		2,653		2,661		2,634		2,645		2,674		2,646		-29		-28		1,026,780	2,433,844	-23,308		2,716,971.29	
豆粕		1711		2,637		2,653		2,637		2,653		2,664		2,646		-11		-18		46		284		24		121.72		
豆粕		1712		2,655		2,663		2,651		2,660		2,712		2,655		-52		-57		22		428		-22		58.43		
豆粕		1801		2,683		2,688		2,658		2,674		2,696		2,671		-22		-25		194,806		723,342		22,106		520,378.91	
豆粕		1803		2,659		2,659		2,635		2,639		2,664		2,639		-25		-25		44		352		40		116.16		
豆粕		1805		2,644		2,649		2,623		2,638		2,655		2,635		-17		-20		30,134		109,246		9,374		79,408.99	
豆粕小计																			1,251,894	3,269,318	8,196		3,317,217.86	
总计																				1,251,894	3,269,318	8,196		3,317,217.86	
