商品名称	交割月份	开盘价		最高价		最低价		收盘价		前结算价	结算价		涨跌		涨跌1		成交量		持仓量		持仓量变化	成交额		
豆粕		1707		2,589		2,589		2,531		2,531		2,587		2,564		-56		-23		6		1,172		-2		15.39		
豆粕		1708		2,647		2,659		2,626		2,650		2,641		2,647		9		6		96		650		2		254.2		
豆粕		1709		2,648		2,664		2,633		2,657		2,646		2,650		11		4		877,444		2,358,442	-75,402		2,325,815.8	
豆粕		1711		2,661		2,664		2,657		2,664		2,646		2,661		18		15		12		286		2		31.94		
豆粕		1712		2,667		2,674		2,661		2,674		2,655		2,668		19		13		12		426		-2		32.02		
豆粕		1801		2,676		2,693		2,662		2,688		2,671		2,680		17		9		145,622		757,230		33,888		390,394.35	
豆粕		1803		2,665		2,665		2,664		2,664		2,639		2,664		25		25		4		352		0		10.66		
豆粕		1805		2,638		2,650		2,626		2,648		2,635		2,641		13		6		13,304		108,942		-304		35,148.24	
豆粕小计																			1,036,500	3,227,500	-41,818		2,751,702.59	
总计																				1,036,500	3,227,500	-41,818		2,751,702.59	
