商品名称	交割月份	开盘价		最高价		最低价		收盘价		前结算价	结算价		涨跌		涨跌1		成交量		持仓量		持仓量变化	成交额		
豆粕		1707		2,522		2,582		2,461		2,575		2,564		2,559		11		-5		230		1,150		-22		588.78		
豆粕		1708		2,653		2,653		2,650		2,653		2,647		2,652		6		5		14		646		-4		37.13		
豆粕		1709		2,662		2,670		2,651		2,663		2,650		2,660		13		10		691,016		2,298,884	-59,558		1,838,340.13	
豆粕		1711		2,653		2,653		2,653		2,653		2,661		2,653		-8		-8		2		286		0		5.31		
豆粕		1712		2,673		2,681		2,657		2,667		2,668		2,662		-1		-6		50		464		38		133.13		
豆粕		1801		2,689		2,697		2,683		2,692		2,680		2,689		12		9		157,426		784,672		27,442		423,475.56	
豆粕		1803		2,652		2,656		2,642		2,656		2,664		2,651		-8		-13		16		358		6		42.43		
豆粕		1805		2,651		2,655		2,640		2,652		2,641		2,648		11		7		8,726		108,776		-166		23,113.14	
豆粕小计																			857,480		3,195,236	-32,264		2,285,735.6	
总计																				857,480		3,195,236	-32,264		2,285,735.6	
