商品名称	交割月份	开盘价		最高价		最低价		收盘价		前结算价	结算价		涨跌		涨跌1		成交量		持仓量		持仓量变化	成交额		
豆粕		1707		2,589		2,632		2,578		2,632		2,559		2,613		73		54		78		1,098		-52		203.83		
豆粕		1708		2,665		2,670		2,651		2,651		2,652		2,661		-1		9		14		646		0		37.26		
豆粕		1709		2,670		2,680		2,647		2,658		2,660		2,662		-2		2		970,046		2,341,754	42,870		2,583,084.43	
豆粕		1711		2,710		2,710		2,662		2,662		2,653		2,691		9		38		212		358		72		570.54		
豆粕		1712		2,683		2,683		2,667		2,667		2,662		2,675		5		13		4		462		-2		10.7		
豆粕		1801		2,696		2,704		2,676		2,684		2,689		2,691		-5		2		163,434		828,708		44,036		439,829.68	
豆粕		1803		2,665		2,665		2,643		2,648		2,651		2,652		-3		1		6		358		0		15.91		
豆粕		1805		2,655		2,662		2,638		2,643		2,648		2,650		-5		2		16,178		110,542		1,766		42,877.01	
豆粕小计																			1,149,972	3,283,926	88,690		3,066,629.36	
总计																				1,149,972	3,283,926	88,690		3,066,629.36	
