商品名称	交割月份	开盘价		最高价		最低价		收盘价		前结算价	结算价		涨跌		涨跌1		成交量		持仓量		持仓量变化	成交额		
豆粕		1707		2,638		2,640		2,565		2,565		2,613		2,632		-48		19		36		1,062		-36		94.76		
豆粕		1708		2,649		2,660		2,649		2,654		2,661		2,654		-7		-7		54		612		-34		143.34		
豆粕		1709		2,658		2,670		2,653		2,665		2,662		2,662		3		0		931,290		2,258,590	-83,164		2,479,130.43	
豆粕		1711		2,673		2,679		2,673		2,678		2,691		2,677		-13		-14		20		348		-10		53.55		
豆粕		1712		2,739		2,747		2,668		2,675		2,675		2,713		0		38		78		430		-32		211.63		
豆粕		1801		2,686		2,697		2,680		2,689		2,691		2,688		-2		-3		217,452		842,096		13,388		584,621.62	
豆粕		1803		2,658		2,658		2,653		2,653		2,652		2,654		1		2		26		358		0		69.03		
豆粕		1805		2,645		2,655		2,641		2,652		2,650		2,649		2		-1		15,068		113,420		2,878		39,921.07	
豆粕小计																			1,164,024	3,216,916	-67,010		3,104,245.44	
总计																				1,164,024	3,216,916	-67,010		3,104,245.44	
