商品名称	交割月份	开盘价		最高价		最低价		收盘价		前结算价	结算价		涨跌		涨跌1		成交量		持仓量		持仓量变化	成交额		
豆粕		1707		2,539		2,552		2,503		2,538		2,632		2,533		-94		-99		52		1,036		-26		131.72		
豆粕		1708		2,660		2,687		2,645		2,653		2,654		2,651		-1		-3		98		622		10		259.83		
豆粕		1709		2,670		2,691		2,643		2,655		2,662		2,665		-7		3		1,357,794	2,274,202	15,612		3,619,521.84	
豆粕		1711		2,688		2,708		2,654		2,670		2,677		2,687		-7		10		26		334		-14		69.87		
豆粕		1712		2,655		2,664		2,655		2,664		2,713		2,655		-49		-58		82		426		-4		217.73		
豆粕		1801		2,693		2,717		2,670		2,679		2,688		2,688		-9		0		259,318		885,484		43,388		697,298.9	
豆粕		1803		2,644		2,654		2,640		2,654		2,654		2,650		0		-4		14		362		4		37.11		
豆粕		1805		2,657		2,679		2,633		2,639		2,649		2,653		-10		4		26,266		114,804		1,384		69,693.07	
豆粕小计																			1,643,650	3,277,270	60,354		4,387,230.07	
总计																				1,643,650	3,277,270	60,354		4,387,230.07	
