商品名称	交割月份	开盘价		最高价		最低价		收盘价		前结算价	结算价		涨跌		涨跌1		成交量		持仓量		持仓量变化	成交额		
豆粕		1707		2,650		2,660		2,539		2,618		2,533		2,593		85		60		108		956		-80		280.13		
豆粕		1708		2,724		2,783		2,724		2,783		2,651		2,755		132		104		1,440		1,098		476		3,967.68	
豆粕		1709		2,658		2,788		2,652		2,780		2,665		2,750		115		85		1,825,034	2,080,446	-193,756	5,019,174.61	
豆粕		1711		2,673		2,790		2,673		2,789		2,687		2,733		102		46		30		334		0		82.02		
豆粕		1712		2,682		2,787		2,682		2,787		2,655		2,779		132		124		98		448		22		272.39		
豆粕		1801		2,680		2,812		2,680		2,808		2,688		2,779		120		91		436,048		893,240		7,756		1,211,938.02	
豆粕		1803		2,649		2,767		2,649		2,753		2,650		2,701		103		51		52		362		0		140.48		
豆粕		1805		2,645		2,759		2,642		2,748		2,653		2,728		95		75		47,448		109,896		-4,908		129,456.58	
豆粕小计																			2,310,258	3,086,780	-190,490	6,365,311.9	
总计																				2,310,258	3,086,780	-190,490	6,365,311.9	
