商品名称	交割月份	开盘价		最高价		最低价		收盘价		前结算价	结算价		涨跌		涨跌1		成交量		持仓量		持仓量变化	成交额		
豆粕		1707		2,748		2,748		2,601		2,601		2,593		2,674		8		81		8		956		0		21.4		
豆粕		1708		2,776		2,805		2,771		2,804		2,755		2,793		49		38		354		1,130		32		989		
豆粕		1709		2,792		2,804		2,769		2,798		2,750		2,788		48		38		1,570,472	2,096,392	15,946		4,378,715.72	
豆粕		1711		2,867		2,867		2,771		2,804		2,733		2,800		71		67		116		314		-20		324.85		
豆粕		1712		2,740		2,806		2,740		2,806		2,779		2,790		27		11		44		482		34		122.78		
豆粕		1801		2,819		2,830		2,797		2,825		2,779		2,814		46		35		359,302		937,100		43,860		1,011,356.08	
豆粕		1803		2,766		2,778		2,766		2,774		2,701		2,768		73		67		74		358		-4		204.84		
豆粕		1805		2,755		2,766		2,743		2,758		2,728		2,754		30		26		29,616		112,340		2,444		81,590.46	
豆粕小计																			1,959,986	3,149,072	62,292		5,473,325.12	
总计																				1,959,986	3,149,072	62,292		5,473,325.12	
