商品名称	交割月份	开盘价		最高价		最低价		收盘价		前结算价	结算价		涨跌		涨跌1		成交量		持仓量		持仓量变化	成交额		
豆粕		1707		0		0		0		2,674		2,674		2,674		0		0		0		956		0		0		
豆粕		1708		2,798		2,813		2,785		2,795		2,793		2,797		2		4		276		1,090		-40		771.99		
豆粕		1709		2,797		2,808		2,775		2,792		2,788		2,791		4		3		895,288		2,056,712	-39,680		2,499,028.23	
豆粕		1711		2,786		2,795		2,784		2,791		2,800		2,790		-9		-10		16		320		6		44.65		
豆粕		1712		2,797		2,798		2,784		2,784		2,790		2,795		-6		5		18		494		12		50.32		
豆粕		1801		2,825		2,834		2,802		2,818		2,814		2,816		4		2		193,950		951,362		14,262		546,316.63	
豆粕		1803		2,768		2,768		2,756		2,758		2,768		2,758		-10		-10		28		376		18		77.23		
豆粕		1805		2,759		2,766		2,744		2,753		2,754		2,752		-1		-2		16,698		116,730		4,390		45,968.06	
豆粕小计																			1,106,274	3,128,040	-21,032		3,092,257.11	
总计																				1,106,274	3,128,040	-21,032		3,092,257.11	
