商品名称	交割月份	开盘价		最高价		最低价		收盘价		前结算价	结算价		涨跌		涨跌1		成交量		持仓量		持仓量变化	成交额		
豆粕		1707		2,750		2,750		2,750		2,750		2,674		2,750		76		76		102		854		-102		280.5		
豆粕		1708		2,824		2,825		2,804		2,809		2,797		2,814		12		17		172		1,066		-24		484.14		
豆粕		1709		2,790		2,829		2,789		2,815		2,791		2,812		24		21		1,542,188	2,024,462	-32,250		4,337,600.51	
豆粕		1711		2,815		2,826		2,807		2,807		2,790		2,816		17		26		40		348		28		112.64		
豆粕		1712		2,819		2,827		2,810		2,813		2,795		2,818		18		23		78		512		18		219.84		
豆粕		1801		2,816		2,855		2,816		2,838		2,816		2,839		22		23		476,554		1,033,336	81,974		1,353,083.84	
豆粕		1803		2,789		2,799		2,766		2,773		2,758		2,777		15		19		50		380		4		138.88		
豆粕		1805		2,752		2,781		2,752		2,771		2,752		2,769		19		17		37,152		127,166		10,436		102,899.28	
豆粕小计																			2,056,336	3,188,124	60,084		5,794,819.62	
总计																				2,056,336	3,188,124	60,084		5,794,819.62	
