商品名称	交割月份	开盘价		最高价		最低价		收盘价		前结算价	结算价		涨跌		涨跌1		成交量		持仓量		持仓量变化	成交额		
豆粕		1707		2,748		2,752		2,748		2,752		2,750		2,749		2		-1		6		850		-4		16.5		
豆粕		1708		2,782		2,833		2,782		2,832		2,814		2,819		18		5		1,954		924		-142		5,508.4		
豆粕		1709		2,810		2,841		2,807		2,834		2,812		2,826		22		14		893,170		1,988,160	-36,302		2,524,909.83	
豆粕		1711		2,810		2,842		2,810		2,832		2,816		2,836		16		20		210		248		-100		595.65		
豆粕		1712		2,815		2,841		2,815		2,839		2,818		2,831		21		13		44		544		32		124.59		
豆粕		1801		2,833		2,868		2,832		2,862		2,839		2,855		23		16		264,202		1,054,696	21,360		754,338.49	
豆粕		1803		2,775		2,800		2,775		2,794		2,777		2,792		17		15		54		396		16		150.8		
豆粕		1805		2,766		2,800		2,766		2,793		2,769		2,788		24		19		23,666		136,112		8,946		65,995.34	
豆粕小计																			1,183,306	3,181,930	-6,194		3,351,639.61	
总计																				1,183,306	3,181,930	-6,194		3,351,639.61	
