商品名称	交割月份	开盘价		最高价		最低价		收盘价		前结算价	结算价		涨跌		涨跌1		成交量		持仓量		持仓量变化	成交额		
豆粕		1707		2,740		2,740		2,740		2,740		2,749		2,740		-9		-9		2		848		-2		5.48		
豆粕		1708		2,833		2,959		2,832		2,949		2,819		2,909		130		90		286		726		-198		832.03		
豆粕		1709		2,844		2,943		2,826		2,919		2,826		2,886		93		60		2,000,796	1,959,536	-28,624		5,775,635.12	
豆粕		1711		2,853		2,926		2,833		2,919		2,836		2,907		83		71		58		250		2		168.66		
豆粕		1712		2,858		2,941		2,846		2,933		2,831		2,932		102		101		766		684		140		2,246.48	
豆粕		1801		2,871		2,981		2,864		2,957		2,855		2,925		102		70		758,118		1,181,606	126,910		2,218,080.15	
豆粕		1803		2,812		2,892		2,812		2,877		2,792		2,872		85		80		28		398		2		80.43		
豆粕		1805		2,795		2,892		2,790		2,874		2,788		2,847		86		59		51,104		142,672		6,560		145,495.5	
豆粕小计																			2,811,158	3,286,720	104,790		8,142,543.84	
总计																				2,811,158	3,286,720	104,790		8,142,543.84	
