商品名称	交割月份	开盘价		最高价		最低价		收盘价		前结算价	结算价		涨跌		涨跌1		成交量		持仓量		持仓量变化	成交额		
豆粕		1707		0		0		0		2,753		2,740		2,753		13		13		0		848		0		0		
豆粕		1708		2,952		2,988		2,918		2,942		2,909		2,954		33		45		110		678		-48		325.01		
豆粕		1709		2,918		2,948		2,888		2,930		2,886		2,922		44		36		1,597,096	1,733,774	-225,762	4,667,618.26	
豆粕		1711		2,923		2,953		2,874		2,910		2,907		2,917		3		10		76		258		8		221.76		
豆粕		1712		2,933		2,962		2,913		2,922		2,932		2,934		-10		2		126		678		-6		369.81		
豆粕		1801		2,958		2,987		2,921		2,953		2,925		2,958		28		33		568,910		1,133,874	-47,732		1,683,384.06	
豆粕		1803		2,891		2,905		2,866		2,868		2,872		2,881		-4		9		30		408		10		86.46		
豆粕		1805		2,872		2,899		2,844		2,874		2,847		2,878		27		31		32,296		147,460		4,788		92,967.56	
豆粕小计																			2,198,644	3,017,978	-268,742	6,444,972.92	
总计																				2,198,644	3,017,978	-268,742	6,444,972.92	
