商品名称	交割月份	开盘价		最高价		最低价		收盘价		前结算价	结算价		涨跌		涨跌1		成交量		持仓量		持仓量变化	成交额		
豆粕		1707		2,822		2,822		2,822		2,822		2,753		2,822		69		69		44		804		-44		124.17		
豆粕		1708		2,938		2,977		2,938		2,954		2,954		2,949		0		-5		60		668		-10		176.95		
豆粕		1709		2,913		2,930		2,907		2,914		2,922		2,917		-8		-5		1,004,978	1,643,514	-90,260		2,931,668.88	
豆粕		1711		2,912		2,912		2,911		2,911		2,917		2,911		-6		-6		4		260		2		11.65		
豆粕		1712		2,921		2,950		2,918		2,918		2,934		2,929		-16		-5		6		676		-2		17.58		
豆粕		1801		2,934		2,962		2,934		2,946		2,958		2,948		-12		-10		313,970		1,162,596	28,722		925,877.06	
豆粕		1803		2,882		2,882		2,871		2,875		2,881		2,875		-6		-6		24		414		6		69.01		
豆粕		1805		2,865		2,881		2,851		2,869		2,878		2,870		-9		-8		19,550		148,626		1,166		56,115.54	
豆粕小计																			1,338,636	2,957,558	-60,420		3,914,060.82	
总计																				1,338,636	2,957,558	-60,420		3,914,060.82	
