商品名称	交割月份	开盘价		最高价		最低价		收盘价		前结算价	结算价		涨跌		涨跌1		成交量		持仓量		持仓量变化	成交额		
豆粕		1707		2,820		2,855		2,820		2,850		2,822		2,842		28		20		844		248		-556		2,398.99	
豆粕		1708		2,948		2,967		2,898		2,900		2,949		2,913		-49		-36		252		474		-194		734.18		
豆粕		1709		2,909		2,926		2,842		2,849		2,917		2,873		-68		-44		1,543,238	1,608,410	-35,104		4,434,230.31	
豆粕		1711		2,915		2,915		2,854		2,854		2,911		2,872		-57		-39		40		260		0		114.91		
豆粕		1712		2,862		2,874		2,856		2,874		2,929		2,861		-55		-68		18		662		-14		51.51		
豆粕		1801		2,940		2,955		2,862		2,876		2,948		2,898		-72		-50		686,248		1,098,158	-64,438		1,989,236.9	
豆粕		1803		2,868		2,877		2,814		2,821		2,875		2,831		-54		-44		54		416		2		152.91		
豆粕		1805		2,865		2,880		2,796		2,808		2,870		2,826		-62		-44		55,324		160,266		11,640		156,375.83	
豆粕小计																			2,286,018	2,868,894	-88,664		6,583,295.54	
总计																				2,286,018	2,868,894	-88,664		6,583,295.54	
