商品名称	交割月份	开盘价		最高价		最低价		收盘价		前结算价	结算价		涨跌		涨跌1		成交量		持仓量		持仓量变化	成交额		
豆粕		1707		0		0		0		2,807		2,842		2,807		-35		-35		98		0		-248		275.09		
豆粕		1708		2,899		2,899		2,812		2,841		2,913		2,848		-72		-65		70		444		-30		199.38		
豆粕		1709		2,835		2,849		2,787		2,803		2,873		2,813		-70		-60		1,316,922	1,542,914	-65,496		3,704,632.84	
豆粕		1711		2,848		2,849		2,798		2,807		2,872		2,813		-65		-59		40		248		-12		112.55		
豆粕		1712		2,837		2,847		2,793		2,809		2,861		2,803		-52		-58		76		600		-62		213.07		
豆粕		1801		2,865		2,873		2,802		2,825		2,898		2,835		-73		-63		583,450		1,052,978	-45,180		1,654,102.5	
豆粕		1803		2,760		2,760		2,751		2,754		2,831		2,756		-77		-75		18		424		8		49.61		
豆粕		1805		2,802		2,805		2,740		2,760		2,826		2,765		-66		-61		42,502		167,148		6,882		117,535.31	
豆粕小计																			1,943,176	2,764,756	-104,138	5,477,120.36	
总计																				1,943,176	2,764,756	-104,138	5,477,120.36	
