商品名称	交割月份	开盘价		最高价		最低价		收盘价		前结算价	结算价		涨跌		涨跌1		成交量		持仓量		持仓量变化	成交额		
豆粕		1708		2,888		2,888		2,821		2,860		2,848		2,861		12		13		22		442		-2		62.95		
豆粕		1709		2,812		2,832		2,802		2,810		2,813		2,814		-3		1		905,190		1,513,754	-29,160		2,547,795.42	
豆粕		1711		2,827		2,835		2,814		2,817		2,813		2,821		4		8		32		248		0		90.3		
豆粕		1712		2,817		2,817		2,813		2,813		2,803		2,816		10		13		14		588		-12		39.42		
豆粕		1801		2,837		2,844		2,820		2,826		2,835		2,830		-9		-5		420,820		1,084,620	31,642		1,191,023.54	
豆粕		1803		2,760		2,783		2,760		2,766		2,756		2,774		10		18		96		474		50		266.39		
豆粕		1805		2,760		2,780		2,754		2,761		2,765		2,765		-4		0		24,032		171,186		4,038		66,471.04	
豆粕		1807		0		0		0		2,765		2,765		2,765		0		0		0		0		0		0		
豆粕小计																			1,350,206	2,771,312	6,556		3,805,749.06	
总计																				1,350,206	2,771,312	6,556		3,805,749.06	
