商品名称	交割月份	开盘价		最高价		最低价		收盘价		前结算价	结算价		涨跌		涨跌1		成交量		持仓量		持仓量变化	成交额		
豆粕		1708		2,877		2,877		2,841		2,865		2,861		2,861		4		0		36		418		-24		103.02		
豆粕		1709		2,825		2,836		2,808		2,824		2,814		2,823		10		9		818,614		1,482,552	-31,202		2,310,950.17	
豆粕		1711		2,868		2,868		2,832		2,833		2,821		2,839		12		18		80		254		6		227.19		
豆粕		1712		2,847		2,847		2,835		2,835		2,816		2,839		19		23		10		588		0		28.4		
豆粕		1801		2,838		2,859		2,833		2,849		2,830		2,845		19		15		447,834		1,163,362	78,742		1,274,375.52	
豆粕		1803		2,773		2,791		2,766		2,780		2,774		2,777		6		3		40		472		-2		111.09		
豆粕		1805		2,763		2,786		2,763		2,777		2,765		2,775		12		10		37,100		182,978		11,792		102,965.72	
豆粕		1807		0		0		0		2,765		2,765		2,765		0		0		0		0		0		0		
豆粕小计																			1,303,714	2,830,624	59,312		3,688,761.11	
总计																				1,303,714	2,830,624	59,312		3,688,761.11	
