商品名称	交割月份	开盘价		最高价		最低价		收盘价		前结算价	结算价		涨跌		涨跌1		成交量		持仓量		持仓量变化	成交额		
豆粕		1708		2,891		2,891		2,857		2,870		2,861		2,876		9		15		66		372		-46		189.88		
豆粕		1709		2,839		2,856		2,821		2,826		2,823		2,838		3		15		795,318		1,464,842	-17,710		2,257,136.96	
豆粕		1711		2,858		2,860		2,831		2,831		2,839		2,842		-8		3		46		250		-4		130.75		
豆粕		1712		2,855		2,856		2,839		2,839		2,839		2,849		0		10		12		588		0		34.19		
豆粕		1801		2,863		2,878		2,838		2,845		2,845		2,857		0		12		393,202		1,209,736	46,374		1,123,564.23	
豆粕		1803		2,807		2,812		2,771		2,785		2,777		2,793		8		16		40		472		0		111.74		
豆粕		1805		2,785		2,804		2,768		2,775		2,775		2,783		0		8		20,482		184,132		1,154		57,015.15	
豆粕		1807		0		0		0		2,765		2,765		2,765		0		0		0		0		0		0		
豆粕小计																			1,209,166	2,860,392	29,768		3,438,182.9	
总计																				1,209,166	2,860,392	29,768		3,438,182.9	
