商品名称	交割月份	开盘价		最高价		最低价		收盘价		前结算价	结算价		涨跌		涨跌1		成交量		持仓量		持仓量变化	成交额		
豆粕		1708		2,893		2,893		2,879		2,883		2,876		2,880		7		4		72		302		-70		207.41		
豆粕		1709		2,830		2,853		2,826		2,842		2,838		2,841		4		3		712,538		1,444,244	-20,598		2,024,573.31	
豆粕		1711		2,857		2,860		2,849		2,860		2,842		2,852		18		10		18		240		-10		51.35		
豆粕		1712		2,854		2,854		2,838		2,838		2,849		2,848		-11		-1		12		584		-4		34.18		
豆粕		1801		2,850		2,875		2,845		2,865		2,857		2,863		8		6		394,890		1,230,744	21,008		1,130,571.05	
豆粕		1803		2,804		2,816		2,804		2,816		2,793		2,811		23		18		18		476		4		50.61		
豆粕		1805		2,775		2,800		2,775		2,792		2,783		2,789		9		6		20,066		184,402		270		55,971.12	
豆粕		1807		0		0		0		2,773		2,765		2,773		8		8		0		0		0		0		
豆粕小计																			1,127,614	2,860,992	600		3,211,459.03	
总计																				1,127,614	2,860,992	600		3,211,459.03	
