商品名称	交割月份	开盘价		最高价		最低价		收盘价		前结算价	结算价		涨跌		涨跌1		成交量		持仓量		持仓量变化	成交额		
豆粕		1708		2,896		2,913		2,896		2,900		2,880		2,901		20		21		44		268		-34		127.67		
豆粕		1709		2,856		2,876		2,851		2,869		2,841		2,864		28		23		917,814		1,431,812	-12,432		2,629,112.67	
豆粕		1711		2,875		2,888		2,857		2,878		2,852		2,872		26		20		46		228		-12		132.13		
豆粕		1712		2,880		2,882		2,868		2,882		2,848		2,878		34		30		42		592		8		120.91		
豆粕		1801		2,880		2,899		2,874		2,893		2,863		2,887		30		24		490,410		1,263,626	32,882		1,415,849.93	
豆粕		1803		2,845		2,845		2,825		2,839		2,811		2,834		28		23		90		470		-6		255.12		
豆粕		1805		2,806		2,824		2,803		2,821		2,789		2,814		32		25		23,100		185,856		1,454		65,006.21	
豆粕		1807		0		0		0		2,773		2,773		2,773		0		0		0		0		0		0		
豆粕小计																			1,431,546	2,882,852	21,860		4,110,604.63	
总计																				1,431,546	2,882,852	21,860		4,110,604.63	
