商品名称	交割月份	开盘价		最高价		最低价		收盘价		前结算价	结算价		涨跌		涨跌1		成交量		持仓量		持仓量变化	成交额		
豆粕		1708		2,905		2,905		2,846		2,850		2,901		2,859		-51		-42		48		240		-28		137.24		
豆粕		1709		2,861		2,862		2,789		2,805		2,864		2,820		-59		-44		987,632		1,327,848	-103,964	2,785,228.7	
豆粕		1711		2,869		2,869		2,801		2,819		2,872		2,822		-53		-50		34		232		4		95.98		
豆粕		1712		2,828		2,830		2,815		2,830		2,878		2,824		-48		-54		32		570		-22		90.37		
豆粕		1801		2,879		2,886		2,812		2,829		2,887		2,842		-58		-45		555,304		1,303,322	39,696		1,578,613.64	
豆粕		1803		2,801		2,810		2,773		2,781		2,834		2,788		-53		-46		28		452		-18		78.09		
豆粕		1805		2,815		2,815		2,743		2,759		2,814		2,771		-55		-43		35,954		193,382		7,526		99,653.92	
豆粕		1807		2,792		2,792		2,753		2,753		2,773		2,769		-20		-4		14		2		2		38.78		
豆粕小计																			1,579,046	2,826,048	-56,804		4,463,936.72	
总计																				1,579,046	2,826,048	-56,804		4,463,936.72	
