商品名称	交割月份	开盘价		最高价		最低价		收盘价		前结算价	结算价		涨跌		涨跌1		成交量		持仓量		持仓量变化	成交额		
豆粕		1708		2,888		2,915		2,812		2,867		2,859		2,867		8		8		338		164		-76		969.29		
豆粕		1709		2,805		2,871		2,802		2,864		2,820		2,842		44		22		838,294		1,263,114	-64,734		2,382,764.35	
豆粕		1711		2,832		2,891		2,832		2,880		2,822		2,870		58		48		30		232		0		86.11		
豆粕		1712		2,839		2,885		2,828		2,885		2,824		2,870		61		46		22		568		-2		63.14		
豆粕		1801		2,828		2,894		2,823		2,887		2,842		2,866		45		24		541,136		1,334,002	30,680		1,551,112.29	
豆粕		1803		2,808		2,848		2,808		2,830		2,788		2,832		42		44		20		452		0		56.65		
豆粕		1805		2,763		2,825		2,756		2,816		2,771		2,798		45		27		43,630		195,736		2,354		122,078.75	
豆粕		1807		2,787		2,793		2,787		2,793		2,769		2,789		24		20		6		2		0		16.73		
豆粕小计																			1,423,476	2,794,270	-31,778		4,057,147.32	
总计																				1,423,476	2,794,270	-31,778		4,057,147.32	
