商品名称	交割月份	开盘价		最高价		最低价		收盘价		前结算价	结算价		涨跌		涨跌1		成交量		持仓量		持仓量变化	成交额		
豆粕		1708		2,861		2,861		2,815		2,829		2,867		2,823		-38		-44		76		88		-76		214.61		
豆粕		1709		2,855		2,858		2,803		2,808		2,842		2,822		-34		-20		887,872		1,216,524	-46,590		2,506,162.42	
豆粕		1711		2,871		2,871		2,825		2,825		2,870		2,845		-45		-25		40		240		8		113.83		
豆粕		1712		2,832		2,833		2,825		2,833		2,870		2,831		-37		-39		40		578		10		113.24		
豆粕		1801		2,878		2,881		2,819		2,824		2,866		2,841		-42		-25		654,894		1,378,928	44,926		1,860,782.06	
豆粕		1803		2,970		2,970		2,758		2,783		2,832		2,850		-49		18		130		452		0		370.52		
豆粕		1805		2,808		2,813		2,758		2,761		2,798		2,774		-37		-24		40,330		207,442		11,706		111,878		
豆粕		1807		2,760		2,760		2,750		2,760		2,789		2,756		-29		-33		6		6		4		16.54		
豆粕小计																			1,583,388	2,804,258	9,988		4,479,651.22	
总计																				1,583,388	2,804,258	9,988		4,479,651.22	
