商品名称	交割月份	开盘价		最高价		最低价		收盘价		前结算价	结算价		涨跌		涨跌1		成交量		持仓量		持仓量变化	成交额		
豆粕		1708		2,822		2,919		2,808		2,820		2,823		2,822		-3		-1		84		16		-72		237.11		
豆粕		1709		2,796		2,830		2,758		2,815		2,822		2,804		-7		-18		633,296		1,146,574	-69,950		1,776,030.04	
豆粕		1711		2,802		2,841		2,801		2,834		2,845		2,819		-11		-26		32		242		2		90.21		
豆粕		1712		2,820		2,841		2,820		2,841		2,831		2,835		10		4		42		578		0		119.09		
豆粕		1801		2,811		2,844		2,776		2,828		2,841		2,819		-13		-22		530,666		1,375,504	-3,424		1,496,155.71	
豆粕		1803		2,758		2,782		2,758		2,776		2,850		2,777		-74		-73		66		458		6		183.31		
豆粕		1805		2,754		2,778		2,721		2,764		2,774		2,756		-10		-18		33,546		203,592		-3,850		92,473.85	
豆粕		1807		2,750		2,750		2,750		2,750		2,756		2,750		-6		-6		2		4		-2		5.5		
豆粕小计																			1,197,734	2,726,968	-77,290		3,365,294.82	
总计																				1,197,734	2,726,968	-77,290		3,365,294.82	
