商品名称	交割月份	开盘价		最高价		最低价		收盘价		前结算价	结算价		涨跌		涨跌1		成交量		持仓量		持仓量变化	成交额		
豆粕		1708		2,784		2,963		2,775		2,892		2,822		2,868		70		46		364		20		4		1,044.01	
豆粕		1709		2,830		2,856		2,822		2,841		2,804		2,837		37		33		846,930		1,123,996	-22,578		2,402,806.97	
豆粕		1711		2,859		2,860		2,859		2,860		2,819		2,859		41		40		4		240		-2		11.44		
豆粕		1712		2,864		2,864		2,864		2,864		2,835		2,864		29		29		4		578		0		11.46		
豆粕		1801		2,841		2,870		2,833		2,851		2,819		2,851		32		32		826,692		1,431,610	56,106		2,356,906	
豆粕		1803		2,784		2,804		2,784		2,804		2,777		2,798		27		21		44		448		-10		123.13		
豆粕		1805		2,772		2,796		2,767		2,783		2,756		2,780		27		24		40,826		200,594		-2,998		113,521.68	
豆粕		1807		2,781		2,781		2,781		2,781		2,750		2,781		31		31		2		2		-2		5.56		
豆粕小计																			1,714,866	2,757,488	30,520		4,874,430.24	
总计																				1,714,866	2,757,488	30,520		4,874,430.24	
