商品名称	交割月份	开盘价		最高价		最低价		收盘价		前结算价	结算价		涨跌		涨跌1		成交量		持仓量		持仓量变化	成交额		
豆粕		1708		2,958		2,958		2,829		2,850		2,868		2,871		-18		3		52		4		-16		149.31		
豆粕		1709		2,844		2,868		2,822		2,840		2,837		2,842		3		5		617,710		1,015,756	-108,240	1,755,743.59	
豆粕		1711		2,856		2,881		2,844		2,847		2,859		2,860		-12		1		60		224		-16		171.63		
豆粕		1712		2,877		2,877		2,847		2,853		2,864		2,861		-11		-3		10		576		-2		28.61		
豆粕		1801		2,855		2,879		2,829		2,844		2,851		2,848		-7		-3		736,666		1,435,258	3,648		2,098,364.1	
豆粕		1803		2,808		2,815		2,759		2,795		2,798		2,782		-3		-16		70		440		-8		194.8		
豆粕		1805		2,785		2,802		2,760		2,775		2,780		2,774		-5		-6		39,900		201,004		410		110,701.45	
豆粕		1807		2,784		2,790		2,766		2,766		2,781		2,775		-15		-6		12		12		10		33.31		
豆粕小计																			1,394,480	2,653,274	-104,214	3,965,386.82	
总计																				1,394,480	2,653,274	-104,214	3,965,386.82	
